0  0  1.4248  0  0.23698  0.04905  0  
0  0.0023698  2.84911  0  0.23698  -0.04905  0  
0.01  0.0047396  5.69675  0  0.23698  -0.14715  0  
0.02  0.0071094  11.391  0  0.23698  -0.24525  0  
0.03  0.0094792  22.7787  0  0.23698  -0.34335  0  
0.04  0.011849  45.5529  0  0.23698  -0.44145  0  
0.05  0.0142188  91.1004  0  0.23698  -0.53955  0  
0.06  0.0165886  182.194  0  0.23698  -0.63765  0  
0.07  0.0189584  364.381  0  0.23698  -0.73575  0  
0.08  0.0213282  728.754  0  0.23698  -0.83385  0  
0.09  0.023698  1457.5  0  0.23698  -0.93195  0  
0.1  0.0260678  2914.99  0  0.23698  -1.03005  0  
0.11  0.0284376  5829.97  0  0.23698  -1.12815  0  
0.12  0.0308074  11659.9  0  0.23698  -1.22625  0  
0.13  0.0331772  23319.8  0  0.23698  -1.32435  0  
0.14  0.035547  46639.6  0  0.23698  -1.42245  0  
0.15  0.0379168  93279.3  0  0.23698  -1.52055  0  
0.16  0.0402866  186559  0  0.23698  -1.61865  0  
0.17  0.0426564  373117  0  0.23698  -1.71675  0  
0.18  0.0450262  746234  0  0.23698  -1.81485  0  
0.19  0.047396  1.49247e+06  0  0.23698  -1.91295  0  
0.2  0.0497658  2.98494e+06  0  0.23698  -2.01105  0  
0.21  0.0521356  5.96987e+06  0  0.23698  -2.10915  0  
0.22  0.0545054  1.19397e+07  0  0.23698  -2.20725  0  
0.23  0.0568752  2.38795e+07  0  0.23698  -2.30535  0  
0.24  0.059245  4.7759e+07  0  0.23698  -2.40345  0  
0.25  0.0616148  9.5518e+07  0  0.23698  -2.50155  0  
0.26  0.0639846  1.91036e+08  0  0.23698  -2.59965  0  
0.27  0.0663544  3.82072e+08  0  0.23698  -2.69775  0  
0.28  0.0687242  7.64144e+08  0  0.23698  -2.79585  0  
0.29  0.071094  1.52829e+09  0  0.23698  -2.89395  0  
0.3  0.0734638  3.05657e+09  0  0.23698  -2.99205  0  
0.31  0.0758336  6.11315e+09  0  0.23698  -3.09015  0  
0.32  0.0782034  1.22263e+10  0  0.23698  -3.18825  0  
0.33  0.0805732  2.44526e+10  0  0.23698  -3.28635  0  
0.34  0.082943  4.89052e+10  0  0.23698  -3.38445  0  
0.35  0.0853128  9.78104e+10  0  0.23698  -3.48255  0  
0.36  0.0876826  1.95621e+11  0  0.23698  -3.58065  0  
0.37  0.0900524  3.91242e+11  0  0.23698  -3.67875  0  
0.38  0.0924222  7.82483e+11  0  0.23698  -3.77685  0  
0.39  0.094792  1.56497e+12  0  0.23698  -3.87495  0  
0.4  0.0971618  3.12993e+12  0  0.23698  -3.97305  0  
0.41  0.0995316  6.25986e+12  0  0.23698  -4.07115  0  
0.42  0.101901  1.25197e+13  0  0.23698  -4.16925  0  
0.43  0.104271  2.50395e+13  0  0.23698  -4.26735  0  
0.44  0.106641  5.00789e+13  0  0.23698  -4.36545  0  
0.45  0.109011  1.00158e+14  0  0.23698  -4.46355  0  
0.46  0.111381  2.00316e+14  0  0.23698  -4.56165  0  
0.47  0.11375  4.00631e+14  0  0.23698  -4.65975  0  
0.48  0.11612  8.01263e+14  0  0.23698  -4.75785  0  
0.49  0.11849  1.60253e+15  0  0.23698  -4.85595  0  
0.5  0.12086  3.20505e+15  0  0.23698  -4.95405  0  
0.51  0.12323  6.4101e+15  0  0.23698  -5.05215  0  
0.52  0.125599  1.28202e+16  0  0.23698  -5.15025  0  
0.53  0.127969  2.56404e+16  0  0.23698  -5.24835  0  
0.54  0.130339  5.12808e+16  0  0.23698  -5.34645  0  
0.55  0.132709  1.02562e+17  0  0.23698  -5.44455  0  
0.56  0.135079  2.05123e+17  0  0.23698  -5.54265  0  
0.57  0.137448  4.10247e+17  0  0.23698  -5.64075  0  
0.58  0.139818  8.20493e+17  0  0.23698  -5.73885  0  
0.59  0.142188  1.64099e+18  0  0.23698  -5.83695  0  
0.6  0.144558  3.28197e+18  0  0.23698  -5.93505  0  
0.61  0.146928  6.56394e+18  0  0.23698  -6.03315  0  
0.62  0.149297  1.31279e+19  0  0.23698  -6.13125  0  
0.63  0.151667  2.62558e+19  0  0.23698  -6.22935  0  
0.64  0.154037  5.25116e+19  0  0.23698  -6.32745  0  
0.65  0.156407  1.05023e+20  0  0.23698  -6.42555  0  
0.66  0.158777  2.10046e+20  0  0.23698  -6.52365  0  
0.67  0.161146  4.20092e+20  0  0.23698  -6.62175  0  
0.68  0.163516  8.40185e+20  0  0.23698  -6.71985  0  
0.69  0.165886  1.68037e+21  0  0.23698  -6.81795  0  
0.7  0.168256  3.36074e+21  0  0.23698  -6.91605  0  
0.71  0.170626  6.72148e+21  0  0.23698  -7.01415  0  
0.72  0.172995  1.3443e+22  0  0.23698  -7.11225  0  
0.73  0.175365  2.68859e+22  0  0.23698  -7.21035  0  
0.74  0.177735  5.37718e+22  0  0.23698  -7.30845  0  
0.75  0.180105  1.07544e+23  0  0.23698  -7.40655  0  
0.76  0.182475  2.15087e+23  0  0.23698  -7.50465  0  
0.77  0.184844  4.30175e+23  0  0.23698  -7.60275  0  
0.78  0.187214  8.60349e+23  0  0.23698  -7.70085  0  
0.79  0.189584  1.7207e+24  0  0.23698  -7.79895  0  
0.8  0.191954  3.4414e+24  0  0.23698  -7.89705  0  
0.81  0.194324  6.88279e+24  0  0.23698  -7.99515  0  
0.82  0.196693  1.37656e+25  0  0.23698  -8.09325  0  
0.83  0.199063  2.75312e+25  0  0.23698  -8.19135  0  
0.84  0.201433  5.50624e+25  0  0.23698  -8.28945  0  
0.85  0.203803  1.10125e+26  0  0.23698  -8.38755  0  
0.86  0.206173  2.20249e+26  0  0.23698  -8.48565  0  
0.87  0.208542  4.40499e+26  0  0.23698  -8.58375  0  
0.88  0.210912  8.80998e+26  0  0.23698  -8.68185  0  
0.89  0.213282  1.762e+27  0  0.23698  -8.77995  0  
0.9  0.215652  3.52399e+27  0  0.23698  -8.87805  0  
0.91  0.218022  7.04798e+27  0  0.23698  -8.97615  0  
0.92  0.220391  1.4096e+28  0  0.23698  -9.07425  0  
0.93  0.222761  2.81919e+28  0  0.23698  -9.17235  0  
0.94  0.225131  5.63839e+28  0  0.23698  -9.27045  0  
0.95  0.227501  1.12768e+29  0  0.23698  -9.36855  0  
0.96  0.229871  2.25535e+29  0  0.23698  -9.46665  0  
0.97  0.23224  4.51071e+29  0  0.23698  -9.56475  0  
0.98  0.23461  9.02142e+29  0  0.23698  -9.66285  0  
0.99  0.23698  1.80428e+30  0  0.23698  -9.76095  0  
1  0.23935  3.60857e+30  0  0.23698  -9.85905  0  
1.01  0.24172  7.21713e+30  0  0.23698  -9.95715  0  
1.02  0.244089  1.44343e+31  0  0.23698  -10.0552  0  
1.03  0.246459  2.88685e+31  0  0.23698  -10.1533  0  
1.04  0.248829  5.77371e+31  0  0.23698  -10.2514  0  
1.05  0.251199  1.15474e+32  0  0.23698  -10.3495  0  
1.06  0.253569  2.30948e+32  0  0.23698  -10.4476  0  
1.07  0.255938  4.61897e+32  0  0.23698  -10.5457  0  
1.08  0.258308  9.23793e+32  0  0.23698  -10.6439  0  
1.09  0.260678  1.84759e+33  0  0.23698  -10.742  0  
1.1  0.263048  3.69517e+33  0  0.23698  -10.8401  0  
1.11  0.265418  7.39034e+33  0  0.23698  -10.9382  0  
1.12  0.267787  1.47807e+34  0  0.23698  -11.0363  0  
1.13  0.270157  2.95614e+34  0  0.23698  -11.1344  0  
1.14  0.272527  5.91228e+34  0  0.23698  -11.2325  0  
1.15  0.274897  1.18246e+35  0  0.23698  -11.3306  0  
1.16  0.277267  2.36491e+35  0  0.23698  -11.4287  0  
1.17  0.279636  4.72982e+35  0  0.23698  -11.5268  0  
1.18  0.282006  9.45964e+35  0  0.23698  -11.6249  0  
1.19  0.284376  1.89193e+36  0  0.23698  -11.723  0  
1.2  0.286746  3.78386e+36  0  0.23698  -11.8211  0  
1.21  0.289116  7.56771e+36  0  0.23698  -11.9192  0  
1.22  0.291485  1.51354e+37  0  0.23698  -12.0173  0  
1.23  0.293855  3.02708e+37  0  0.23698  -12.1154  0  
1.24  0.296225  6.05417e+37  0  0.23698  -12.2135  0  
1.25  0.298595  1.21083e+38  0  0.23698  -12.3116  0  
1.26  0.300965  2.42167e+38  0  0.23698  -12.4097  0  
1.27  0.303334  4.84334e+38  0  0.23698  -12.5078  0  
1.28  0.305704  9.68667e+38  0  0.23698  -12.6059  0  
1.29  0.308074  1.93733e+39  0  0.23698  -12.704  0  
1.3  0.310444  3.87467e+39  0  0.23698  -12.8021  0  
1.31  0.312814  7.74934e+39  0  0.23698  -12.9002  0  
1.32  0.315183  1.54987e+40  0  0.23698  -12.9983  0  
1.33  0.317553  3.09973e+40  0  0.23698  -13.0964  0  
1.34  0.319923  6.19947e+40  0  0.23698  -13.1945  0  
1.35  0.322293  1.23989e+41  0  0.23698  -13.2926  0  
1.36  0.324663  2.47979e+41  0  0.23698  -13.3907  0  
1.37  0.327032  4.95958e+41  0  0.23698  -13.4888  0  
1.38  0.329402  9.91915e+41  0  0.23698  -13.5869  0  
1.39  0.331772  1.98383e+42  0  0.23698  -13.685  0  
1.4  0.334142  3.96766e+42  0  0.23698  -13.7831  0  
1.41  0.336512  7.93532e+42  0  0.23698  -13.8812  0  
1.42  0.338881  1.58706e+43  0  0.23698  -13.9793  0  
1.43  0.341251  3.17413e+43  0  0.23698  -14.0774  0  
1.44  0.343621  6.34826e+43  0  0.23698  -14.1755  0  
1.45  0.345991  1.26965e+44  0  0.23698  -14.2736  0  
1.46  0.348361  2.5393e+44  0  0.23698  -14.3717  0  
1.47  0.35073  5.07861e+44  0  0.23698  -14.4698  0  
1.48  0.3531  1.01572e+45  0  0.23698  -14.5679  0  
1.49  0.35547  2.03144e+45  0  0.23698  -14.666  0  
1.5  0.35784  4.06288e+45  0  0.23698  -14.7641  0  
1.51  0.36021  8.12577e+45  0  0.23698  -14.8622  0  
1.52  0.362579  1.62515e+46  0  0.23698  -14.9603  0  
1.53  0.364949  3.25031e+46  0  0.23698  -15.0584  0  
1.54  0.367319  6.50062e+46  0  0.23698  -15.1565  0  
1.55  0.369689  1.30012e+47  0  0.23698  -15.2546  0  
1.56  0.372059  2.60025e+47  0  0.23698  -15.3527  0  
1.57  0.374428  5.20049e+47  0  0.23698  -15.4508  0  
1.58  0.376798  1.0401e+48  0  0.23698  -15.5489  0  
1.59  0.379168  2.0802e+48  0  0.23698  -15.647  0  
1.6  0.381538  4.16039e+48  0  0.23698  -15.7451  0  
1.61  0.383908  8.32079e+48  0  0.23698  -15.8432  0  
1.62  0.386277  1.66416e+49  0  0.23698  -15.9413  0  
1.63  0.388647  3.32832e+49  0  0.23698  -16.0394  0  
1.64  0.391017  6.65663e+49  0  0.23698  -16.1375  0  
1.65  0.393387  1.33133e+50  0  0.23698  -16.2356  0  
1.66  0.395757  2.66265e+50  0  0.23698  -16.3337  0  
1.67  0.398126  5.3253e+50  0  0.23698  -16.4318  0  
1.68  0.400496  1.06506e+51  0  0.23698  -16.5299  0  
1.69  0.402866  2.13012e+51  0  0.23698  -16.628  0  
1.7  0.405236  4.26024e+51  0  0.23698  -16.7261  0  
1.71  0.407606  8.52049e+51  0  0.23698  -16.8242  0  
1.72  0.409975  1.7041e+52  0  0.23698  -16.9223  0  
1.73  0.412345  3.40819e+52  0  0.23698  -17.0204  0  
1.74  0.414715  6.81639e+52  0  0.23698  -17.1185  0  
1.75  0.417085  1.36328e+53  0  0.23698  -17.2166  0  
1.76  0.419455  2.72656e+53  0  0.23698  -17.3147  0  
1.77  0.421824  5.45311e+53  0  0.23698  -17.4128  0  
1.78  0.424194  1.09062e+54  0  0.23698  -17.5109  0  
1.79  0.426564  2.18124e+54  0  0.23698  -17.609  0  
1.8  0.428934  4.36249e+54  0  0.23698  -17.7071  0  
1.81  0.431304  8.72498e+54  0  0.23698  -17.8052  0  
1.82  0.433673  1.745e+55  0  0.23698  -17.9033  0  
1.83  0.436043  3.48999e+55  0  0.23698  -18.0014  0  
1.84  0.438413  6.97998e+55  0  0.23698  -18.0995  0  
1.85  0.440783  1.396e+56  0  0.23698  -18.1975  0  
1.86  0.443153  2.79199e+56  0  0.23698  -18.2956  0  
1.87  0.445522  5.58399e+56  0  0.23698  -18.3937  0  
1.88  0.447892  1.1168e+57  0  0.23698  -18.4918  0  
1.89  0.450262  2.23359e+57  0  0.23698  -18.5899  0  
1.9  0.452632  4.46719e+57  0  0.23698  -18.688  0  
1.91  0.455002  8.93438e+57  0  0.23698  -18.7861  0  
1.92  0.457371  1.78688e+58  0  0.23698  -18.8842  0  
1.93  0.459741  3.57375e+58  0  0.23698  -18.9823  0  
1.94  0.462111  7.1475e+58  0  0.23698  -19.0804  0  
1.95  0.464481  1.4295e+59  0  0.23698  -19.1785  0  
1.96  0.466851  2.859e+59  0  0.23698  -19.2766  0  
1.97  0.46922  5.718e+59  0  0.23698  -19.3747  0  
1.98  0.47159  1.1436e+60  0  0.23698  -19.4728  0  
1.99  0.47396  2.2872e+60  0  0.23698  -19.5709  0  
2  0.47633  4.5744e+60  0  0.23698  -19.669  0  
2.01  0.4787  9.1488e+60  0  0.23698  -19.7671  0  
2.02  0.481069  1.82976e+61  0  0.23698  -19.8652  0  
2.03  0.483439  3.65952e+61  0  0.23698  -19.9633  0  
2.04  0.485809  7.31904e+61  0  0.23698  -20.0614  0  
2.05  0.488179  1.46381e+62  0  0.23698  -20.1595  0  
2.06  0.490549  2.92762e+62  0  0.23698  -20.2576  0  
2.07  0.492918  5.85523e+62  0  0.23698  -20.3557  0  
2.08  0.495288  1.17105e+63  0  0.23698  -20.4538  0  
2.09  0.497658  2.34209e+63  0  0.23698  -20.5519  0  
2.1  0.500028  4.68419e+63  0  0.23698  -20.65  0  
2.11  0.502398  9.36837e+63  0  0.23698  -20.7481  0  
2.12  0.504767  1.87367e+64  0  0.23698  -20.8462  0  
2.13  0.507137  3.74735e+64  0  0.23698  -20.9443  0  
2.14  0.509507  7.4947e+64  0  0.23698  -21.0424  0  
2.15  0.511877  1.49894e+65  0  0.23698  -21.1405  0  
2.16  0.514247  2.99788e+65  0  0.23698  -21.2386  0  
2.17  0.516616  5.99576e+65  0  0.23698  -21.3367  0  
2.18  0.518986  1.19915e+66  0  0.23698  -21.4348  0  
2.19  0.521356  2.3983e+66  0  0.23698  -21.5329  0  
2.2  0.523726  4.79661e+66  0  0.23698  -21.631  0  
2.21  0.526096  9.59322e+66  0  0.23698  -21.7291  0  
2.22  0.528465  1.91864e+67  0  0.23698  -21.8272  0  
2.23  0.530835  3.83729e+67  0  0.23698  -21.9253  0  
2.24  0.533205  7.67457e+67  0  0.23698  -22.0234  0  
2.25  0.535575  1.53491e+68  0  0.23698  -22.1215  0  
2.26  0.537945  3.06983e+68  0  0.23698  -22.2196  0  
2.27  0.540314  6.13966e+68  0  0.23698  -22.3177  0  
2.28  0.542684  1.22793e+69  0  0.23698  -22.4158  0  
2.29  0.545054  2.45586e+69  0  0.23698  -22.5139  0  
2.3  0.547424  4.91173e+69  0  0.23698  -22.612  0  
2.31  0.549794  9.82345e+69  0  0.23698  -22.7101  0  
2.32  0.552163  1.96469e+70  0  0.23698  -22.8082  0  
2.33  0.554533  3.92938e+70  0  0.23698  -22.9063  0  
2.34  0.556903  7.85876e+70  0  0.23698  -23.0044  0  
2.35  0.559273  1.57175e+71  0  0.23698  -23.1025  0  
2.36  0.561643  3.1435e+71  0  0.23698  -23.2006  0  
2.37  0.564012  6.28701e+71  0  0.23698  -23.2987  0  
2.38  0.566382  1.2574e+72  0  0.23698  -23.3968  0  
2.39  0.568752  2.5148e+72  0  0.23698  -23.4949  0  
2.4  0.571122  5.02961e+72  0  0.23698  -23.593  0  
2.41  0.573492  1.00592e+73  0  0.23698  -23.6911  0  
2.42  0.575861  2.01184e+73  0  0.23698  -23.7892  0  
2.43  0.578231  4.02369e+73  0  0.23698  -23.8873  0  
2.44  0.580601  8.04737e+73  0  0.23698  -23.9854  0  
2.45  0.582971  1.60947e+74  0  0.23698  -24.0835  0  
2.46  0.585341  3.21895e+74  0  0.23698  -24.1816  0  
2.47  0.58771  6.4379e+74  0  0.23698  -24.2797  0  
2.48  0.59008  1.28758e+75  0  0.23698  -24.3778  0  
2.49  0.59245  2.57516e+75  0  0.23698  -24.4759  0  
2.5  0.59482  5.15032e+75  0  0.23698  -24.574  0  
2.51  0.59719  1.03006e+76  0  0.23698  -24.6721  0  
2.52  0.599559  2.06013e+76  0  0.23698  -24.7702  0  
2.53  0.601929  4.12025e+76  0  0.23698  -24.8683  0  
2.54  0.604299  8.24051e+76  0  0.23698  -24.9664  0  
2.55  0.606669  1.6481e+77  0  0.23698  -25.0645  0  
2.56  0.609039  3.2962e+77  0  0.23698  -25.1626  0  
2.57  0.611408  6.59241e+77  0  0.23698  -25.2607  0  
2.58  0.613778  1.31848e+78  0  0.23698  -25.3588  0  
2.59  0.616148  2.63696e+78  0  0.23698  -25.4569  0  
2.6  0.618518  5.27393e+78  0  0.23698  -25.555  0  
2.61  0.620888  1.05479e+79  0  0.23698  -25.6531  0  
2.62  0.623257  2.10957e+79  0  0.23698  -25.7512  0  
2.63  0.625627  4.21914e+79  0  0.23698  -25.8493  0  
2.64  0.627997  8.43828e+79  0  0.23698  -25.9474  0  
2.65  0.630367  1.68766e+80  0  0.23698  -26.0455  0  
2.66  0.632737  3.37531e+80  0  0.23698  -26.1436  0  
2.67  0.635106  6.75063e+80  0  0.23698  -26.2417  0  
2.68  0.637476  1.35013e+81  0  0.23698  -26.3398  0  
2.69  0.639846  2.70025e+81  0  0.23698  -26.4379  0  
2.7  0.642216  5.4005e+81  0  0.23698  -26.536  0  
2.71  0.644586  1.0801e+82  0  0.23698  -26.6341  0  
2.72  0.646955  2.1602e+82  0  0.23698  -26.7322  0  
2.73  0.649325  4.3204e+82  0  0.23698  -26.8303  0  
2.74  0.651695  8.6408e+82  0  0.23698  -26.9284  0  
2.75  0.654065  1.72816e+83  0  0.23698  -27.0265  0  
2.76  0.656435  3.45632e+83  0  0.23698  -27.1246  0  
2.77  0.658804  6.91264e+83  0  0.23698  -27.2227  0  
2.78  0.661174  1.38253e+84  0  0.23698  -27.3208  0  
2.79  0.663544  2.76506e+84  0  0.23698  -27.4189  0  
2.8  0.665914  5.53011e+84  0  0.23698  -27.517  0  
2.81  0.668284  1.10602e+85  0  0.23698  -27.6151  0  
2.82  0.670653  2.21204e+85  0  0.23698  -27.7132  0  
2.83  0.673023  4.42409e+85  0  0.23698  -27.8113  0  
2.84  0.675393  8.84818e+85  0  0.23698  -27.9094  0  
2.85  0.677763  1.76964e+86  0  0.23698  -28.0075  0  
2.86  0.680133  3.53927e+86  0  0.23698  -28.1056  0  
2.87  0.682502  7.07854e+86  0  0.23698  -28.2037  0  
2.88  0.684872  1.41571e+87  0  0.23698  -28.3018  0  
2.89  0.687242  2.83142e+87  0  0.23698  -28.3999  0  
2.9  0.689612  5.66283e+87  0  0.23698  -28.498  0  
2.91  0.691982  1.13257e+88  0  0.23698  -28.5961  0  
2.92  0.694351  2.26513e+88  0  0.23698  -28.6942  0  
2.93  0.696721  4.53027e+88  0  0.23698  -28.7923  0  
2.94  0.699091  9.06054e+88  0  0.23698  -28.8904  0  
2.95  0.701461  1.81211e+89  0  0.23698  -28.9885  0  
2.96  0.703831  3.62421e+89  0  0.23698  -29.0866  0  
2.97  0.7062  7.24843e+89  0  0.23698  -29.1847  0  
2.98  0.70857  1.44969e+90  0  0.23698  -29.2828  0  
2.99  0.71094  2.89937e+90  0  0.23698  -29.3809  0  
3  0.71331  5.79874e+90  0  0.23698  -29.479  0  
3.01  0.71568  1.15975e+91  0  0.23698  -29.5771  0  
3.02  0.718049  2.3195e+91  0  0.23698  -29.6752  0  
3.03  0.720419  4.63899e+91  0  0.23698  -29.7733  0  
3.04  0.722789  9.27799e+91  0  0.23698  -29.8714  0  
3.05  0.725159  1.8556e+92  0  0.23698  -29.9695  0  
3.06  0.727529  3.7112e+92  0  0.23698  -30.0676  0  
3.07  0.729898  7.42239e+92  0  0.23698  -30.1657  0  
3.08  0.732268  1.48448e+93  0  0.23698  -30.2638  0  
3.09  0.734638  2.96896e+93  0  0.23698  -30.3619  0  
3.1  0.737008  5.93791e+93  0  0.23698  -30.46  0  
3.11  0.739378  1.18758e+94  0  0.23698  -30.5581  0  
3.12  0.741747  2.37517e+94  0  0.23698  -30.6562  0  
3.13  0.744117  4.75033e+94  0  0.23698  -30.7543  0  
3.14  0.746487  9.50066e+94  0  0.23698  -30.8524  0  
3.15  0.748857  1.90013e+95  0  0.23698  -30.9505  0  
3.16  0.751227  3.80026e+95  0  0.23698  -31.0486  0  
3.17  0.753596  7.60053e+95  0  0.23698  -31.1467  0  
3.18  0.755966  1.52011e+96  0  0.23698  -31.2448  0  
3.19  0.758336  3.04021e+96  0  0.23698  -31.3429  0  
3.2  0.760706  6.08042e+96  0  0.23698  -31.441  0  
3.21  0.763076  1.21608e+97  0  0.23698  -31.5391  0  
3.22  0.765445  2.43217e+97  0  0.23698  -31.6372  0  
3.23  0.767815  4.86434e+97  0  0.23698  -31.7353  0  
3.24  0.770185  9.72868e+97  0  0.23698  -31.8334  0  
3.25  0.772555  1.94574e+98  0  0.23698  -31.9315  0  
3.26  0.774925  3.89147e+98  0  0.23698  -32.0296  0  
3.27  0.777294  7.78294e+98  0  0.23698  -32.1277  0  
3.28  0.779664  1.55659e+99  0  0.23698  -32.2258  0  
3.29  0.782034  3.11318e+99  0  0.23698  -32.3239  0  
3.3  0.784404  6.22635e+99  0  0.23698  -32.422  0  
3.31  0.786774  1.24527e+100  0  0.23698  -32.5201  0  
3.32  0.789143  2.49054e+100  0  0.23698  -32.6182  0  
3.33  0.791513  4.98108e+100  0  0.23698  -32.7163  0  
3.34  0.793883  9.96216e+100  0  0.23698  -32.8144  0  
3.35  0.796253  1.99243e+101  0  0.23698  -32.9125  0  
3.36  0.798623  3.98487e+101  0  0.23698  -33.0106  0  
3.37  0.800992  7.96973e+101  0  0.23698  -33.1087  0  
3.38  0.803362  1.59395e+102  0  0.23698  -33.2068  0  
3.39  0.805732  3.18789e+102  0  0.23698  -33.3049  0  
3.4  0.808102  6.37579e+102  0  0.23698  -33.403  0  
3.41  0.810472  1.27516e+103  0  0.23698  -33.5011  0  
3.42  0.812841  2.55031e+103  0  0.23698  -33.5992  0  
3.43  0.815211  5.10063e+103  0  0.23698  -33.6973  0  
3.44  0.817581  1.02013e+104  0  0.23698  -33.7954  0  
3.45  0.819951  2.04025e+104  0  0.23698  -33.8935  0  
3.46  0.822321  4.0805e+104  0  0.23698  -33.9916  0  
3.47  0.82469  8.161e+104  0  0.23698  -34.0897  0  
3.48  0.82706  1.6322e+105  0  0.23698  -34.1878  0  
3.49  0.82943  3.2644e+105  0  0.23698  -34.2859  0  
3.5  0.8318  6.5288e+105  0  0.23698  -34.384  0  
3.51  0.83417  1.30576e+106  0  0.23698  -34.4821  0  
3.52  0.836539  2.61152e+106  0  0.23698  -34.5802  0  
3.53  0.838909  5.22304e+106  0  0.23698  -34.6783  0  
3.54  0.841279  1.04461e+107  0  0.23698  -34.7764  0  
3.55  0.843649  2.08922e+107  0  0.23698  -34.8745  0  
3.56  0.846019  4.17843e+107  0  0.23698  -34.9726  0  
3.57  0.848388  8.35687e+107  0  0.23698  -35.0707  0  
3.58  0.850758  1.67137e+108  0  0.23698  -35.1688  0  
3.59  0.853128  3.34275e+108  0  0.23698  -35.2669  0  
3.6  0.855498  6.6855e+108  0  0.23698  -35.365  0  
3.61  0.857868  1.3371e+109  0  0.23698  -35.4631  0  
3.62  0.860237  2.6742e+109  0  0.23698  -35.5612  0  
3.63  0.862607  5.3484e+109  0  0.23698  -35.6593  0  
3.64  0.864977  1.06968e+110  0  0.23698  -35.7574  0  
3.65  0.867347  2.13936e+110  0  0.23698  -35.8555  0  
3.66  0.869717  4.27872e+110  0  0.23698  -35.9536  0  
3.67  0.872086  8.55743e+110  0  0.23698  -36.0517  0  
3.68  0.874456  1.71149e+111  0  0.23698  -36.1498  0  
3.69  0.876826  3.42297e+111  0  0.23698  -36.2479  0  
3.7  0.879196  6.84595e+111  0  0.23698  -36.346  0  
3.71  0.881566  1.36919e+112  0  0.23698  -36.4441  0  
3.72  0.883935  2.73838e+112  0  0.23698  -36.5422  0  
3.73  0.886305  5.47676e+112  0  0.23698  -36.6403  0  
3.74  0.888675  1.09535e+113  0  0.23698  -36.7384  0  
3.75  0.891045  2.1907e+113  0  0.23698  -36.8365  0  
3.76  0.893415  4.38141e+113  0  0.23698  -36.9346  0  
3.77  0.895784  8.76281e+113  0  0.23698  -37.0327  0  
3.78  0.898154  1.75256e+114  0  0.23698  -37.1308  0  
3.79  0.900524  3.50512e+114  0  0.23698  -37.2289  0  
3.8  0.902894  7.01025e+114  0  0.23698  -37.327  0  
3.81  0.905264  1.40205e+115  0  0.23698  -37.4251  0  
3.82  0.907633  2.8041e+115  0  0.23698  -37.5232  0  
3.83  0.910003  5.6082e+115  0  0.23698  -37.6213  0  
3.84  0.912373  1.12164e+116  0  0.23698  -37.7194  0  
3.85  0.914743  2.24328e+116  0  0.23698  -37.8175  0  
3.86  0.917113  4.48656e+116  0  0.23698  -37.9156  0  
3.87  0.919482  8.97312e+116  0  0.23698  -38.0137  0  
3.88  0.921852  1.79462e+117  0  0.23698  -38.1118  0  
3.89  0.924222  3.58925e+117  0  0.23698  -38.2099  0  
3.9  0.926592  7.1785e+117  0  0.23698  -38.308  0  
3.91  0.928962  1.4357e+118  0  0.23698  -38.4061  0  
3.92  0.931331  2.8714e+118  0  0.23698  -38.5042  0  
3.93  0.933701  5.7428e+118  0  0.23698  -38.6023  0  
3.94  0.936071  1.14856e+119  0  0.23698  -38.7004  0  
3.95  0.938441  2.29712e+119  0  0.23698  -38.7985  0  
3.96  0.940811  4.59424e+119  0  0.23698  -38.8966  0  
3.97  0.94318  9.18847e+119  0  0.23698  -38.9947  0  
3.98  0.94555  1.83769e+120  0  0.23698  -39.0928  0  
3.99  0.94792  3.67539e+120  0  0.23698  -39.1909  0  
4  0.95029  7.35078e+120  0  0.23698  -39.289  0  
4.01  0.95266  1.47016e+121  0  0.23698  -39.3871  0  
4.02  0.955029  2.94031e+121  0  0.23698  -39.4853  0  
4.03  0.957399  5.88062e+121  0  0.23698  -39.5834  0  
4.04  0.959769  1.17612e+122  0  0.23698  -39.6815  0  
4.05  0.962139  2.35225e+122  0  0.23698  -39.7796  0  
4.06  0.964509  4.7045e+122  0  0.23698  -39.8777  0  
4.07  0.966878  9.409e+122  0  0.23698  -39.9758  0  
4.08  0.969248  1.8818e+123  0  0.23698  -40.0739  0  
4.09  0.971618  3.7636e+123  0  0.23698  -40.172  0  
4.1  0.973988  7.5272e+123  0  0.23698  -40.2701  0  
4.11  0.976358  1.50544e+124  0  0.23698  -40.3682  0  
4.12  0.978727  3.01088e+124  0  0.23698  -40.4663  0  
4.13  0.981097  6.02176e+124  0  0.23698  -40.5644  0  
4.14  0.983467  1.20435e+125  0  0.23698  -40.6625  0  
4.15  0.985837  2.4087e+125  0  0.23698  -40.7606  0  
4.16  0.988207  4.81741e+125  0  0.23698  -40.8587  0  
4.17  0.990576  9.63481e+125  0  0.23698  -40.9568  0  
4.18  0.992946  1.92696e+126  0  0.23698  -41.0549  0  
4.19  0.995316  3.85393e+126  0  0.23698  -41.153  0  
4.2  0.997686  7.70785e+126  0  0.23698  -41.2511  0  
4.21  1.00006  1.54157e+127  0  0.23698  -41.3492  0  
4.22  1.00243  3.08314e+127  0  0.23698  -41.4473  0  
4.23  1.0048  6.16628e+127  0  0.23698  -41.5454  0  
4.24  1.00716  1.23326e+128  0  0.23698  -41.6435  0  
4.25  1.00953  2.46651e+128  0  0.23698  -41.7416  0  
4.26  1.0119  4.93302e+128  0  0.23698  -41.8397  0  
4.27  1.01427  9.86605e+128  0  0.23698  -41.9378  0  
4.28  1.01664  1.97321e+129  0  0.23698  -42.0359  0  
4.29  1.01901  3.94642e+129  0  0.23698  -42.134  0  
4.3  1.02138  7.89284e+129  0  0.23698  -42.2321  0  
4.31  1.02375  1.57857e+130  0  0.23698  -42.3302  0  
4.32  1.02612  3.15714e+130  0  0.23698  -42.4283  0  
4.33  1.02849  6.31427e+130  0  0.23698  -42.5264  0  
4.34  1.03086  1.26285e+131  0  0.23698  -42.6245  0  
4.35  1.03323  2.52571e+131  0  0.23698  -42.7226  0  
4.36  1.0356  5.05142e+131  0  0.23698  -42.8207  0  
4.37  1.03797  1.01028e+132  0  0.23698  -42.9188  0  
4.38  1.04034  2.02057e+132  0  0.23698  -43.0169  0  
4.39  1.04271  4.04113e+132  0  0.23698  -43.115  0  
4.4  1.04508  8.08227e+132  0  0.23698  -43.2131  0  
4.41  1.04745  1.61645e+133  0  0.23698  -43.3112  0  
4.42  1.04982  3.23291e+133  0  0.23698  -43.4093  0  
4.43  1.05219  6.46581e+133  0  0.23698  -43.5074  0  
4.44  1.05456  1.29316e+134  0  0.23698  -43.6055  0  
4.45  1.05693  2.58633e+134  0  0.23698  -43.7036  0  
4.46  1.0593  5.17265e+134  0  0.23698  -43.8017  0  
4.47  1.06167  1.03453e+135  0  0.23698  -43.8998  0  
4.48  1.06404  2.06906e+135  0  0.23698  -43.9979  0  
4.49  1.06641  4.13812e+135  0  0.23698  -44.096  0  
4.5  1.06878  8.27624e+135  0  0.23698  -44.1941  0  
4.51  1.07115  1.65525e+136  0  0.23698  -44.2922  0  
4.52  1.07352  3.3105e+136  0  0.23698  -44.3903  0  
4.53  1.07589  6.62099e+136  0  0.23698  -44.4884  0  
4.54  1.07826  1.3242e+137  0  0.23698  -44.5865  0  
4.55  1.08063  2.6484e+137  0  0.23698  -44.6846  0  
4.56  1.083  5.29679e+137  0  0.23698  -44.7827  0  
4.57  1.08537  1.05936e+138  0  0.23698  -44.8808  0  
4.58  1.08774  2.11872e+138  0  0.23698  -44.9789  0  
4.59  1.09011  4.23744e+138  0  0.23698  -45.077  0  
4.6  1.09248  8.47487e+138  0  0.23698  -45.1751  0  
4.61  1.09485  1.69497e+139  0  0.23698  -45.2732  0  
4.62  1.09722  3.38995e+139  0  0.23698  -45.3713  0  
4.63  1.09959  6.7799e+139  0  0.23698  -45.4694  0  
4.64  1.10196  1.35598e+140  0  0.23698  -45.5675  0  
4.65  1.10433  2.71196e+140  0  0.23698  -45.6656  0  
4.66  1.1067  5.42392e+140  0  0.23698  -45.7637  0  
4.67  1.10907  1.08478e+141  0  0.23698  -45.8618  0  
4.68  1.11144  2.16957e+141  0  0.23698  -45.9599  0  
4.69  1.11381  4.33913e+141  0  0.23698  -46.058  0  
4.7  1.11618  8.67827e+141  0  0.23698  -46.1561  0  
4.71  1.11855  1.73565e+142  0  0.23698  -46.2542  0  
4.72  1.12092  3.47131e+142  0  0.23698  -46.3523  0  
4.73  1.12329  6.94262e+142  0  0.23698  -46.4504  0  
4.74  1.12565  1.38852e+143  0  0.23698  -46.5485  0  
4.75  1.12802  2.77705e+143  0  0.23698  -46.6466  0  
4.76  1.13039  5.55409e+143  0  0.23698  -46.7447  0  
4.77  1.13276  1.11082e+144  0  0.23698  -46.8428  0  
4.78  1.13513  2.22164e+144  0  0.23698  -46.9409  0  
4.79  1.1375  4.44327e+144  0  0.23698  -47.039  0  
4.8  1.13987  8.88655e+144  0  0.23698  -47.1371  0  
4.81  1.14224  1.77731e+145  0  0.23698  -47.2352  0  
4.82  1.14461  3.55462e+145  0  0.23698  -47.3333  0  
4.83  1.14698  7.10924e+145  0  0.23698  -47.4314  0  
4.84  1.14935  1.42185e+146  0  0.23698  -47.5295  0  
4.85  1.15172  2.8437e+146  0  0.23698  -47.6276  0  
4.86  1.15409  5.68739e+146  0  0.23698  -47.7257  0  
4.87  1.15646  1.13748e+147  0  0.23698  -47.8238  0  
4.88  1.15883  2.27496e+147  0  0.23698  -47.9219  0  
4.89  1.1612  4.54991e+147  0  0.23698  -48.02  0  
4.9  1.16357  9.09982e+147  0  0.23698  -48.1181  0  
4.91  1.16594  1.81996e+148  0  0.23698  -48.2162  0  
4.92  1.16831  3.63993e+148  0  0.23698  -48.3143  0  
4.93  1.17068  7.27986e+148  0  0.23698  -48.4124  0  
4.94  1.17305  1.45597e+149  0  0.23698  -48.5105  0  
4.95  1.17542  2.91194e+149  0  0.23698  -48.6086  0  
4.96  1.17779  5.82389e+149  0  0.23698  -48.7067  0  
4.97  1.18016  1.16478e+150  0  0.23698  -48.8048  0  
4.98  1.18253  2.32956e+150  0  0.23698  -48.9029  0  
4.99  1.1849  4.65911e+150  0  0.23698  -49.001  0  
5  1.18727  9.31822e+150  0  0.23698  -49.0991  0  
5.01  1.18964  1.86364e+151  0  0.23698  -49.1972  0  
5.02  1.19201  3.72729e+151  0  0.23698  -49.2953  0  
5.03  1.19438  7.45458e+151  0  0.23698  -49.3934  0  
5.04  1.19675  1.49092e+152  0  0.23698  -49.4915  0  
5.05  1.19912  2.98183e+152  0  0.23698  -49.5896  0  
5.06  1.20149  5.96366e+152  0  0.23698  -49.6877  0  
5.07  1.20386  1.19273e+153  0  0.23698  -49.7858  0  
5.08  1.20623  2.38546e+153  0  0.23698  -49.8839  0  
5.09  1.2086  4.77093e+153  0  0.23698  -49.982  0  
5.1  1.21097  9.54186e+153  0  0.23698  -50.0801  0  
5.11  1.21334  1.90837e+154  0  0.23698  -50.1782  0  
5.12  1.21571  3.81674e+154  0  0.23698  -50.2763  0  
5.13  1.21808  7.63349e+154  0  0.23698  -50.3744  0  
5.14  1.22045  1.5267e+155  0  0.23698  -50.4725  0  
5.15  1.22282  3.05339e+155  0  0.23698  -50.5706  0  
5.16  1.22519  6.10679e+155  0  0.23698  -50.6687  0  
5.17  1.22756  1.22136e+156  0  0.23698  -50.7668  0  
5.18  1.22993  2.44272e+156  0  0.23698  -50.8649  0  
5.19  1.2323  4.88543e+156  0  0.23698  -50.963  0  
5.2  1.23467  9.77086e+156  0  0.23698  -51.0611  0  
5.21  1.23704  1.95417e+157  0  0.23698  -51.1592  0  
5.22  1.23941  3.90834e+157  0  0.23698  -51.2573  0  
5.23  1.24178  7.81669e+157  0  0.23698  -51.3554  0  
5.24  1.24415  1.56334e+158  0  0.23698  -51.4535  0  
5.25  1.24651  3.12668e+158  0  0.23698  -51.5516  0  
5.26  1.24888  6.25335e+158  0  0.23698  -51.6497  0  
5.27  1.25125  1.25067e+159  0  0.23698  -51.7478  0  
5.28  1.25362  2.50134e+159  0  0.23698  -51.8459  0  
5.29  1.25599  5.00268e+159  0  0.23698  -51.944  0  
5.3  1.25836  1.00054e+160  0  0.23698  -52.0421  0  
5.31  1.26073  2.00107e+160  0  0.23698  -52.1402  0  
5.32  1.2631  4.00215e+160  0  0.23698  -52.2383  0  
5.33  1.26547  8.00429e+160  0  0.23698  -52.3364  0  
5.34  1.26784  1.60086e+161  0  0.23698  -52.4345  0  
5.35  1.27021  3.20172e+161  0  0.23698  -52.5326  0  
5.36  1.27258  6.40343e+161  0  0.23698  -52.6307  0  
5.37  1.27495  1.28069e+162  0  0.23698  -52.7288  0  
5.38  1.27732  2.56137e+162  0  0.23698  -52.8269  0  
5.39  1.27969  5.12275e+162  0  0.23698  -52.925  0  
5.4  1.28206  1.02455e+163  0  0.23698  -53.0231  0  
5.41  1.28443  2.0491e+163  0  0.23698  -53.1212  0  
5.42  1.2868  4.0982e+163  0  0.23698  -53.2193  0  
5.43  1.28917  8.19639e+163  0  0.23698  -53.3174  0  
5.44  1.29154  1.63928e+164  0  0.23698  -53.4155  0  
5.45  1.29391  3.27856e+164  0  0.23698  -53.5136  0  
5.46  1.29628  6.55711e+164  0  0.23698  -53.6117  0  
5.47  1.29865  1.31142e+165  0  0.23698  -53.7098  0  
5.48  1.30102  2.62285e+165  0  0.23698  -53.8079  0  
5.49  1.30339  5.24569e+165  0  0.23698  -53.906  0  
5.5  1.30576  1.04914e+166  0  0.23698  -54.0041  0  
5.51  1.30813  2.09828e+166  0  0.23698  -54.1022  0  
5.52  1.3105  4.19655e+166  0  0.23698  -54.2003  0  
5.53  1.31287  8.39311e+166  0  0.23698  -54.2984  0  
5.54  1.31524  1.67862e+167  0  0.23698  -54.3965  0  
5.55  1.31761  3.35724e+167  0  0.23698  -54.4946  0  
5.56  1.31998  6.71449e+167  0  0.23698  -54.5927  0  
5.57  1.32235  1.3429e+168  0  0.23698  -54.6908  0  
5.58  1.32472  2.68579e+168  0  0.23698  -54.7889  0  
5.59  1.32709  5.37159e+168  0  0.23698  -54.887  0  
5.6  1.32946  1.07432e+169  0  0.23698  -54.9851  0  
5.61  1.33183  2.14864e+169  0  0.23698  -55.0832  0  
5.62  1.3342  4.29727e+169  0  0.23698  -55.1813  0  
5.63  1.33657  8.59454e+169  0  0.23698  -55.2794  0  
5.64  1.33894  1.71891e+170  0  0.23698  -55.3775  0  
5.65  1.34131  3.43782e+170  0  0.23698  -55.4756  0  
5.66  1.34368  6.87563e+170  0  0.23698  -55.5737  0  
5.67  1.34605  1.37513e+171  0  0.23698  -55.6718  0  
5.68  1.34842  2.75025e+171  0  0.23698  -55.7699  0  
5.69  1.35079  5.50051e+171  0  0.23698  -55.868  0  
5.7  1.35316  1.1001e+172  0  0.23698  -55.9661  0  
5.71  1.35553  2.2002e+172  0  0.23698  -56.0642  0  
5.72  1.3579  4.40041e+172  0  0.23698  -56.1623  0  
5.73  1.36027  8.80081e+172  0  0.23698  -56.2604  0  
5.74  1.36264  1.76016e+173  0  0.23698  -56.3585  0  
5.75  1.365  3.52032e+173  0  0.23698  -56.4566  0  
5.76  1.36737  7.04065e+173  0  0.23698  -56.5547  0  
5.77  1.36974  1.40813e+174  0  0.23698  -56.6528  0  
5.78  1.37211  2.81626e+174  0  0.23698  -56.7509  0  
5.79  1.37448  5.63252e+174  0  0.23698  -56.849  0  
5.8  1.37685  1.1265e+175  0  0.23698  -56.9471  0  
5.81  1.37922  2.25301e+175  0  0.23698  -57.0452  0  
5.82  1.38159  4.50601e+175  0  0.23698  -57.1433  0  
5.83  1.38396  9.01203e+175  0  0.23698  -57.2414  0  
5.84  1.38633  1.80241e+176  0  0.23698  -57.3395  0  
5.85  1.3887  3.60481e+176  0  0.23698  -57.4376  0  
5.86  1.39107  7.20962e+176  0  0.23698  -57.5357  0  
5.87  1.39344  1.44192e+177  0  0.23698  -57.6338  0  
5.88  1.39581  2.88385e+177  0  0.23698  -57.7319  0  
5.89  1.39818  5.7677e+177  0  0.23698  -57.83  0  
5.9  1.40055  1.15354e+178  0  0.23698  -57.9281  0  
5.91  1.40292  2.30708e+178  0  0.23698  -58.0262  0  
5.92  1.40529  4.61416e+178  0  0.23698  -58.1243  0  
5.93  1.40766  9.22832e+178  0  0.23698  -58.2224  0  
5.94  1.41003  1.84566e+179  0  0.23698  -58.3205  0  
5.95  1.4124  3.69133e+179  0  0.23698  -58.4186  0  
5.96  1.41477  7.38265e+179  0  0.23698  -58.5167  0  
5.97  1.41714  1.47653e+180  0  0.23698  -58.6148  0  
5.98  1.41951  2.95306e+180  0  0.23698  -58.7129  0  
5.99  1.42188  5.90612e+180  0  0.23698  -58.811  0  
6  1.42425  1.18122e+181  0  0.23698  -58.9091  0  
6.01  1.42662  2.36245e+181  0  0.23698  -59.0072  0  
6.02  1.42899  4.7249e+181  0  0.23698  -59.1053  0  
6.03  1.43136  9.4498e+181  0  0.23698  -59.2034  0  
6.04  1.43373  1.88996e+182  0  0.23698  -59.3015  0  
6.05  1.4361  3.77992e+182  0  0.23698  -59.3996  0  
6.06  1.43847  7.55984e+182  0  0.23698  -59.4977  0  
6.07  1.44084  1.51197e+183  0  0.23698  -59.5958  0  
6.08  1.44321  3.02394e+183  0  0.23698  -59.6939  0  
6.09  1.44558  6.04787e+183  0  0.23698  -59.792  0  
6.1  1.44795  1.20957e+184  0  0.23698  -59.8901  0  
6.11  1.45032  2.41915e+184  0  0.23698  -59.9882  0  
6.12  1.45269  4.8383e+184  0  0.23698  -60.0863  0  
6.13  1.45506  9.67659e+184  0  0.23698  -60.1844  0  
6.14  1.45743  1.93532e+185  0  0.23698  -60.2825  0  
6.15  1.4598  3.87064e+185  0  0.23698  -60.3806  0  
6.16  1.46217  7.74127e+185  0  0.23698  -60.4787  0  
6.17  1.46454  1.54825e+186  0  0.23698  -60.5768  0  
6.18  1.46691  3.09651e+186  0  0.23698  -60.6749  0  
6.19  1.46928  6.19302e+186  0  0.23698  -60.773  0  
6.2  1.47165  1.2386e+187  0  0.23698  -60.8711  0  
6.21  1.47402  2.47721e+187  0  0.23698  -60.9692  0  
6.22  1.47639  4.95442e+187  0  0.23698  -61.0673  0  
6.23  1.47876  9.90883e+187  0  0.23698  -61.1654  0  
6.24  1.48113  1.98177e+188  0  0.23698  -61.2635  0  
6.25  1.48349  3.96353e+188  0  0.23698  -61.3616  0  
6.26  1.48586  7.92707e+188  0  0.23698  -61.4597  0  
6.27  1.48823  1.58541e+189  0  0.23698  -61.5578  0  
6.28  1.4906  3.17083e+189  0  0.23698  -61.6559  0  
6.29  1.49297  6.34165e+189  0  0.23698  -61.754  0  
6.3  1.49534  1.26833e+190  0  0.23698  -61.8521  0  
6.31  1.49771  2.53666e+190  0  0.23698  -61.9502  0  
6.32  1.50008  5.07332e+190  0  0.23698  -62.0483  0  
6.33  1.50245  1.01466e+191  0  0.23698  -62.1464  0  
6.34  1.50482  2.02933e+191  0  0.23698  -62.2445  0  
6.35  1.50719  4.05866e+191  0  0.23698  -62.3426  0  
6.36  1.50956  8.11731e+191  0  0.23698  -62.4407  0  
6.37  1.51193  1.62346e+192  0  0.23698  -62.5388  0  
6.38  1.5143  3.24693e+192  0  0.23698  -62.6369  0  
6.39  1.51667  6.49385e+192  0  0.23698  -62.735  0  
6.4  1.51904  1.29877e+193  0  0.23698  -62.8331  0  
6.41  1.52141  2.59754e+193  0  0.23698  -62.9312  0  
6.42  1.52378  5.19508e+193  0  0.23698  -63.0293  0  
6.43  1.52615  1.03902e+194  0  0.23698  -63.1274  0  
6.44  1.52852  2.07803e+194  0  0.23698  -63.2255  0  
6.45  1.53089  4.15607e+194  0  0.23698  -63.3236  0  
6.46  1.53326  8.31213e+194  0  0.23698  -63.4217  0  
6.47  1.53563  1.66243e+195  0  0.23698  -63.5198  0  
6.48  1.538  3.32485e+195  0  0.23698  -63.6179  0  
6.49  1.54037  6.6497e+195  0  0.23698  -63.716  0  
6.5  1.54274  1.32994e+196  0  0.23698  -63.8141  0  
6.51  1.54511  2.65988e+196  0  0.23698  -63.9122  0  
6.52  1.54748  5.31976e+196  0  0.23698  -64.0103  0  
6.53  1.54985  1.06395e+197  0  0.23698  -64.1084  0  
6.54  1.55222  2.12791e+197  0  0.23698  -64.2065  0  
6.55  1.55459  4.25581e+197  0  0.23698  -64.3046  0  
6.56  1.55696  8.51162e+197  0  0.23698  -64.4027  0  
6.57  1.55933  1.70232e+198  0  0.23698  -64.5008  0  
6.58  1.5617  3.40465e+198  0  0.23698  -64.5989  0  
6.59  1.56407  6.8093e+198  0  0.23698  -64.697  0  
6.6  1.56644  1.36186e+199  0  0.23698  -64.7951  0  
6.61  1.56881  2.72372e+199  0  0.23698  -64.8932  0  
6.62  1.57118  5.44744e+199  0  0.23698  -64.9913  0  
6.63  1.57355  1.08949e+200  0  0.23698  -65.0894  0  
6.64  1.57592  2.17898e+200  0  0.23698  -65.1875  0  
6.65  1.57829  4.35795e+200  0  0.23698  -65.2856  0  
6.66  1.58066  8.7159e+200  0  0.23698  -65.3837  0  
6.67  1.58303  1.74318e+201  0  0.23698  -65.4818  0  
6.68  1.5854  3.48636e+201  0  0.23698  -65.5799  0  
6.69  1.58777  6.97272e+201  0  0.23698  -65.678  0  
6.7  1.59014  1.39454e+202  0  0.23698  -65.7761  0  
6.71  1.59251  2.78909e+202  0  0.23698  -65.8742  0  
6.72  1.59488  5.57818e+202  0  0.23698  -65.9723  0  
6.73  1.59725  1.11564e+203  0  0.23698  -66.0704  0  
6.74  1.59962  2.23127e+203  0  0.23698  -66.1685  0  
6.75  1.60198  4.46254e+203  0  0.23698  -66.2666  0  
6.76  1.60435  8.92508e+203  0  0.23698  -66.3647  0  
6.77  1.60672  1.78502e+204  0  0.23698  -66.4628  0  
6.78  1.60909  3.57003e+204  0  0.23698  -66.5609  0  
6.79  1.61146  7.14007e+204  0  0.23698  -66.659  0  
6.8  1.61383  1.42801e+205  0  0.23698  -66.7571  0  
6.81  1.6162  2.85603e+205  0  0.23698  -66.8552  0  
6.82  1.61857  5.71205e+205  0  0.23698  -66.9533  0  
6.83  1.62094  1.14241e+206  0  0.23698  -67.0514  0  
6.84  1.62331  2.28482e+206  0  0.23698  -67.1495  0  
6.85  1.62568  4.56964e+206  0  0.23698  -67.2476  0  
6.86  1.62805  9.13928e+206  0  0.23698  -67.3457  0  
6.87  1.63042  1.82786e+207  0  0.23698  -67.4438  0  
6.88  1.63279  3.65571e+207  0  0.23698  -67.5419  0  
6.89  1.63516  7.31143e+207  0  0.23698  -67.64  0  
6.9  1.63753  1.46229e+208  0  0.23698  -67.7381  0  
6.91  1.6399  2.92457e+208  0  0.23698  -67.8362  0  
6.92  1.64227  5.84914e+208  0  0.23698  -67.9343  0  
6.93  1.64464  1.16983e+209  0  0.23698  -68.0324  0  
6.94  1.64701  2.33966e+209  0  0.23698  -68.1305  0  
6.95  1.64938  4.67931e+209  0  0.23698  -68.2286  0  
6.96  1.65175  9.35863e+209  0  0.23698  -68.3267  0  
6.97  1.65412  1.87173e+210  0  0.23698  -68.4248  0  
6.98  1.65649  3.74345e+210  0  0.23698  -68.5229  0  
6.99  1.65886  7.4869e+210  0  0.23698  -68.621  0  
7  1.66123  1.49738e+211  0  0.23698  -68.7191  0  
7.01  1.6636  2.99476e+211  0  0.23698  -68.8172  0  
7.02  1.66597  5.98952e+211  0  0.23698  -68.9153  0  
7.03  1.66834  1.1979e+212  0  0.23698  -69.0134  0  
7.04  1.67071  2.39581e+212  0  0.23698  -69.1115  0  
7.05  1.67308  4.79162e+212  0  0.23698  -69.2096  0  
7.06  1.67545  9.58323e+212  0  0.23698  -69.3077  0  
7.07  1.67782  1.91665e+213  0  0.23698  -69.4058  0  
7.08  1.68019  3.83329e+213  0  0.23698  -69.5039  0  
7.09  1.68256  7.66659e+213  0  0.23698  -69.602  0  
7.1  1.68493  1.53332e+214  0  0.23698  -69.7001  0  
7.11  1.6873  3.06663e+214  0  0.23698  -69.7982  0  
7.12  1.68967  6.13327e+214  0  0.23698  -69.8963  0  
7.13  1.69204  1.22665e+215  0  0.23698  -69.9944  0  
7.14  1.69441  2.45331e+215  0  0.23698  -70.0925  0  
7.15  1.69678  4.90662e+215  0  0.23698  -70.1906  0  
7.16  1.69915  9.81323e+215  0  0.23698  -70.2887  0  
7.17  1.70152  1.96265e+216  0  0.23698  -70.3868  0  
7.18  1.70389  3.92529e+216  0  0.23698  -70.4849  0  
7.19  1.70626  7.85059e+216  0  0.23698  -70.583  0  
7.2  1.70863  1.57012e+217  0  0.23698  -70.6811  0  
7.21  1.711  3.14023e+217  0  0.23698  -70.7792  0  
7.22  1.71337  6.28047e+217  0  0.23698  -70.8773  0  
7.23  1.71574  1.25609e+218  0  0.23698  -70.9754  0  
7.24  1.71811  2.51219e+218  0  0.23698  -71.0735  0  
7.25  1.72047  5.02437e+218  0  0.23698  -71.1716  0  
7.26  1.72284  1.00487e+219  0  0.23698  -71.2697  0  
7.27  1.72521  2.00975e+219  0  0.23698  -71.3678  0  
7.28  1.72758  4.0195e+219  0  0.23698  -71.4659  0  
7.29  1.72995  8.039e+219  0  0.23698  -71.564  0  
7.3  1.73232  1.6078e+220  0  0.23698  -71.6621  0  
7.31  1.73469  3.2156e+220  0  0.23698  -71.7602  0  
7.32  1.73706  6.4312e+220  0  0.23698  -71.8583  0  
7.33  1.73943  1.28624e+221  0  0.23698  -71.9564  0  
7.34  1.7418  2.57248e+221  0  0.23698  -72.0545  0  
7.35  1.74417  5.14496e+221  0  0.23698  -72.1526  0  
7.36  1.74654  1.02899e+222  0  0.23698  -72.2507  0  
7.37  1.74891  2.05798e+222  0  0.23698  -72.3488  0  
7.38  1.75128  4.11597e+222  0  0.23698  -72.4469  0  
7.39  1.75365  8.23194e+222  0  0.23698  -72.545  0  
7.4  1.75602  1.64639e+223  0  0.23698  -72.6431  0  
7.41  1.75839  3.29277e+223  0  0.23698  -72.7412  0  
7.42  1.76076  6.58555e+223  0  0.23698  -72.8393  0  
7.43  1.76313  1.31711e+224  0  0.23698  -72.9374  0  
7.44  1.7655  2.63422e+224  0  0.23698  -73.0355  0  
7.45  1.76787  5.26844e+224  0  0.23698  -73.1336  0  
7.46  1.77024  1.05369e+225  0  0.23698  -73.2317  0  
7.47  1.77261  2.10738e+225  0  0.23698  -73.3298  0  
7.48  1.77498  4.21475e+225  0  0.23698  -73.4279  0  
7.49  1.77735  8.4295e+225  0  0.23698  -73.526  0  
7.5  1.77972  1.6859e+226  0  0.23698  -73.6241  0  
7.51  1.78209  3.3718e+226  0  0.23698  -73.7222  0  
7.52  1.78446  6.7436e+226  0  0.23698  -73.8203  0  
7.53  1.78683  1.34872e+227  0  0.23698  -73.9184  0  
7.54  1.7892  2.69744e+227  0  0.23698  -74.0165  0  
7.55  1.79157  5.39488e+227  0  0.23698  -74.1146  0  
7.56  1.79394  1.07898e+228  0  0.23698  -74.2127  0  
7.57  1.79631  2.15795e+228  0  0.23698  -74.3108  0  
7.58  1.79868  4.3159e+228  0  0.23698  -74.4089  0  
7.59  1.80105  8.63181e+228  0  0.23698  -74.507  0  
7.6  1.80342  1.72636e+229  0  0.23698  -74.6051  0  
7.61  1.80579  3.45272e+229  0  0.23698  -74.7032  0  
7.62  1.80816  6.90545e+229  0  0.23698  -74.8013  0  
7.63  1.81053  1.38109e+230  0  0.23698  -74.8994  0  
7.64  1.8129  2.76218e+230  0  0.23698  -74.9975  0  
7.65  1.81527  5.52436e+230  0  0.23698  -75.0956  0  
7.66  1.81764  1.10487e+231  0  0.23698  -75.1937  0  
7.67  1.82001  2.20974e+231  0  0.23698  -75.2918  0  
7.68  1.82238  4.41949e+231  0  0.23698  -75.3899  0  
7.69  1.82475  8.83897e+231  0  0.23698  -75.488  0  
7.7  1.82712  1.76779e+232  0  0.23698  -75.5861  0  
7.71  1.82949  3.53559e+232  0  0.23698  -75.6842  0  
7.72  1.83186  7.07118e+232  0  0.23698  -75.7823  0  
7.73  1.83423  1.41424e+233  0  0.23698  -75.8804  0  
7.74  1.8366  2.82847e+233  0  0.23698  -75.9785  0  
7.75  1.83896  5.65694e+233  0  0.23698  -76.0766  0  
7.76  1.84133  1.13139e+234  0  0.23698  -76.1747  0  
7.77  1.8437  2.26278e+234  0  0.23698  -76.2728  0  
7.78  1.84607  4.52555e+234  0  0.23698  -76.3709  0  
7.79  1.84844  9.05111e+234  0  0.23698  -76.469  0  
7.8  1.85081  1.81022e+235  0  0.23698  -76.5671  0  
7.81  1.85318  3.62044e+235  0  0.23698  -76.6652  0  
7.82  1.85555  7.24089e+235  0  0.23698  -76.7633  0  
7.83  1.85792  1.44818e+236  0  0.23698  -76.8614  0  
7.84  1.86029  2.89635e+236  0  0.23698  -76.9595  0  
7.85  1.86266  5.79271e+236  0  0.23698  -77.0576  0  
7.86  1.86503  1.15854e+237  0  0.23698  -77.1557  0  
7.87  1.8674  2.31708e+237  0  0.23698  -77.2538  0  
7.88  1.86977  4.63417e+237  0  0.23698  -77.3519  0  
7.89  1.87214  9.26833e+237  0  0.23698  -77.45  0  
7.9  1.87451  1.85367e+238  0  0.23698  -77.5481  0  
7.91  1.87688  3.70733e+238  0  0.23698  -77.6462  0  
7.92  1.87925  7.41467e+238  0  0.23698  -77.7443  0  
7.93  1.88162  1.48293e+239  0  0.23698  -77.8424  0  
7.94  1.88399  2.96587e+239  0  0.23698  -77.9405  0  
7.95  1.88636  5.93173e+239  0  0.23698  -78.0386  0  
7.96  1.88873  1.18635e+240  0  0.23698  -78.1367  0  
7.97  1.8911  2.37269e+240  0  0.23698  -78.2348  0  
7.98  1.89347  4.74539e+240  0  0.23698  -78.3329  0  
7.99  1.89584  9.49077e+240  0  0.23698  -78.431  0  
8  1.89821  1.89815e+241  0  0.23698  -78.5291  0  
8.01  1.90058  3.79631e+241  0  0.23698  -78.6272  0  
8.02  1.90295  7.59262e+241  0  0.23698  -78.7253  0  
8.03  1.90532  1.51852e+242  0  0.23698  -78.8234  0  
8.04  1.90769  3.03705e+242  0  0.23698  -78.9215  0  
8.05  1.91006  6.0741e+242  0  0.23698  -79.0196  0  
8.06  1.91243  1.21482e+243  0  0.23698  -79.1177  0  
8.07  1.9148  2.42964e+243  0  0.23698  -79.2158  0  
8.08  1.91717  4.85928e+243  0  0.23698  -79.3139  0  
8.09  1.91954  9.71855e+243  0  0.23698  -79.412  0  
8.1  1.92191  1.94371e+244  0  0.23698  -79.5101  0  
8.11  1.92428  3.88742e+244  0  0.23698  -79.6082  0  
8.12  1.92665  7.77484e+244  0  0.23698  -79.7063  0  
8.13  1.92902  1.55497e+245  0  0.23698  -79.8044  0  
8.14  1.93139  3.10994e+245  0  0.23698  -79.9025  0  
8.15  1.93376  6.21987e+245  0  0.23698  -80.0006  0  
8.16  1.93613  1.24397e+246  0  0.23698  -80.0987  0  
8.17  1.9385  2.48795e+246  0  0.23698  -80.1968  0  
8.18  1.94087  4.9759e+246  0  0.23698  -80.2949  0  
8.19  1.94324  9.9518e+246  0  0.23698  -80.393  0  
8.2  1.94561  1.99036e+247  0  0.23698  -80.4911  0  
8.21  1.94798  3.98072e+247  0  0.23698  -80.5892  0  
8.22  1.95035  7.96144e+247  0  0.23698  -80.6873  0  
8.23  1.95272  1.59229e+248  0  0.23698  -80.7854  0  
8.24  1.95509  3.18458e+248  0  0.23698  -80.8835  0  
8.25  1.95745  6.36915e+248  0  0.23698  -80.9816  0  
8.26  1.95982  1.27383e+249  0  0.23698  -81.0797  0  
8.27  1.96219  2.54766e+249  0  0.23698  -81.1778  0  
8.28  1.96456  5.09532e+249  0  0.23698  -81.2759  0  
8.29  1.96693  1.01906e+250  0  0.23698  -81.374  0  
8.3  1.9693  2.03813e+250  0  0.23698  -81.4721  0  
8.31  1.97167  4.07626e+250  0  0.23698  -81.5702  0  
8.32  1.97404  8.15251e+250  0  0.23698  -81.6683  0  
8.33  1.97641  1.6305e+251  0  0.23698  -81.7664  0  
8.34  1.97878  3.26101e+251  0  0.23698  -81.8645  0  
8.35  1.98115  6.52201e+251  0  0.23698  -81.9626  0  
8.36  1.98352  1.3044e+252  0  0.23698  -82.0607  0  
8.37  1.98589  2.6088e+252  0  0.23698  -82.1588  0  
8.38  1.98826  5.21761e+252  0  0.23698  -82.2569  0  
8.39  1.99063  1.04352e+253  0  0.23698  -82.355  0  
8.4  1.993  2.08704e+253  0  0.23698  -82.4531  0  
8.41  1.99537  4.17409e+253  0  0.23698  -82.5512  0  
8.42  1.99774  8.34817e+253  0  0.23698  -82.6493  0  
8.43  2.00011  1.66963e+254  0  0.23698  -82.7474  0  
8.44  2.00248  3.33927e+254  0  0.23698  -82.8455  0  
8.45  2.00485  6.67854e+254  0  0.23698  -82.9436  0  
8.46  2.00722  1.33571e+255  0  0.23698  -83.0417  0  
8.47  2.00959  2.67142e+255  0  0.23698  -83.1398  0  
8.48  2.01196  5.34283e+255  0  0.23698  -83.2379  0  
8.49  2.01433  1.06857e+256  0  0.23698  -83.336  0  
8.5  2.0167  2.13713e+256  0  0.23698  -83.4341  0  
8.51  2.01907  4.27427e+256  0  0.23698  -83.5322  0  
8.52  2.02144  8.54853e+256  0  0.23698  -83.6303  0  
8.53  2.02381  1.70971e+257  0  0.23698  -83.7284  0  
8.54  2.02618  3.41941e+257  0  0.23698  -83.8265  0  
8.55  2.02855  6.83882e+257  0  0.23698  -83.9246  0  
8.56  2.03092  1.36776e+258  0  0.23698  -84.0227  0  
8.57  2.03329  2.73553e+258  0  0.23698  -84.1208  0  
8.58  2.03566  5.47106e+258  0  0.23698  -84.2189  0  
8.59  2.03803  1.09421e+259  0  0.23698  -84.317  0  
8.6  2.0404  2.18842e+259  0  0.23698  -84.4151  0  
8.61  2.04277  4.37685e+259  0  0.23698  -84.5132  0  
8.62  2.04514  8.75369e+259  0  0.23698  -84.6113  0  
8.63  2.04751  1.75074e+260  0  0.23698  -84.7094  0  
8.64  2.04988  3.50148e+260  0  0.23698  -84.8075  0  
8.65  2.05225  7.00296e+260  0  0.23698  -84.9056  0  
8.66  2.05462  1.40059e+261  0  0.23698  -85.0037  0  
8.67  2.05699  2.80118e+261  0  0.23698  -85.1018  0  
8.68  2.05936  5.60236e+261  0  0.23698  -85.1999  0  
8.69  2.06173  1.12047e+262  0  0.23698  -85.298  0  
8.7  2.0641  2.24095e+262  0  0.23698  -85.3961  0  
8.71  2.06647  4.48189e+262  0  0.23698  -85.4942  0  
8.72  2.06884  8.96378e+262  0  0.23698  -85.5923  0  
8.73  2.07121  1.79276e+263  0  0.23698  -85.6904  0  
8.74  2.07358  3.58551e+263  0  0.23698  -85.7885  0  
8.75  2.07594  7.17103e+263  0  0.23698  -85.8866  0  
8.76  2.07831  1.43421e+264  0  0.23698  -85.9847  0  
8.77  2.08068  2.86841e+264  0  0.23698  -86.0828  0  
8.78  2.08305  5.73682e+264  0  0.23698  -86.1809  0  
8.79  2.08542  1.14736e+265  0  0.23698  -86.279  0  
8.8  2.08779  2.29473e+265  0  0.23698  -86.3771  0  
8.81  2.09016  4.58946e+265  0  0.23698  -86.4752  0  
8.82  2.09253  9.17891e+265  0  0.23698  -86.5733  0  
8.83  2.0949  1.83578e+266  0  0.23698  -86.6714  0  
8.84  2.09727  3.67157e+266  0  0.23698  -86.7695  0  
8.85  2.09964  7.34313e+266  0  0.23698  -86.8676  0  
8.86  2.10201  1.46863e+267  0  0.23698  -86.9657  0  
8.87  2.10438  2.93725e+267  0  0.23698  -87.0638  0  
8.88  2.10675  5.87451e+267  0  0.23698  -87.1619  0  
8.89  2.10912  1.1749e+268  0  0.23698  -87.26  0  
8.9  2.11149  2.3498e+268  0  0.23698  -87.3581  0  
8.91  2.11386  4.6996e+268  0  0.23698  -87.4562  0  
8.92  2.11623  9.39921e+268  0  0.23698  -87.5543  0  
8.93  2.1186  1.87984e+269  0  0.23698  -87.6524  0  
8.94  2.12097  3.75968e+269  0  0.23698  -87.7505  0  
8.95  2.12334  7.51937e+269  0  0.23698  -87.8486  0  
8.96  2.12571  1.50387e+270  0  0.23698  -87.9467  0  
8.97  2.12808  3.00775e+270  0  0.23698  -88.0448  0  
8.98  2.13045  6.01549e+270  0  0.23698  -88.1429  0  
8.99  2.13282  1.2031e+271  0  0.23698  -88.241  0  
9  2.13519  2.4062e+271  0  0.23698  -88.3391  0  
9.01  2.13756  4.81239e+271  0  0.23698  -88.4372  0  
9.02  2.13993  9.62479e+271  0  0.23698  -88.5353  0  
9.03  2.1423  1.92496e+272  0  0.23698  -88.6334  0  
9.04  2.14467  3.84992e+272  0  0.23698  -88.7315  0  
9.05  2.14704  7.69983e+272  0  0.23698  -88.8296  0  
9.06  2.14941  1.53997e+273  0  0.23698  -88.9277  0  
9.07  2.15178  3.07993e+273  0  0.23698  -89.0258  0  
9.08  2.15415  6.15987e+273  0  0.23698  -89.1239  0  
9.09  2.15652  1.23197e+274  0  0.23698  -89.222  0  
9.1  2.15889  2.46395e+274  0  0.23698  -89.3201  0  
9.11  2.16126  4.92789e+274  0  0.23698  -89.4182  0  
9.12  2.16363  9.85578e+274  0  0.23698  -89.5163  0  
9.13  2.166  1.97116e+275  0  0.23698  -89.6144  0  
9.14  2.16837  3.94231e+275  0  0.23698  -89.7125  0  
9.15  2.17074  7.88463e+275  0  0.23698  -89.8106  0  
9.16  2.17311  1.57693e+276  0  0.23698  -89.9087  0  
9.17  2.17548  3.15385e+276  0  0.23698  -90.0068  0  
9.18  2.17785  6.3077e+276  0  0.23698  -90.1049  0  
9.19  2.18022  1.26154e+277  0  0.23698  -90.203  0  
9.2  2.18259  2.52308e+277  0  0.23698  -90.3011  0  
9.21  2.18496  5.04616e+277  0  0.23698  -90.3992  0  
9.22  2.18733  1.00923e+278  0  0.23698  -90.4973  0  
9.23  2.1897  2.01846e+278  0  0.23698  -90.5954  0  
9.24  2.19207  4.03693e+278  0  0.23698  -90.6935  0  
9.25  2.19443  8.07386e+278  0  0.23698  -90.7916  0  
9.26  2.1968  1.61477e+279  0  0.23698  -90.8897  0  
9.27  2.19917  3.22954e+279  0  0.23698  -90.9878  0  
9.28  2.20154  6.45909e+279  0  0.23698  -91.0859  0  
9.29  2.20391  1.29182e+280  0  0.23698  -91.184  0  
9.3  2.20628  2.58363e+280  0  0.23698  -91.2821  0  
9.31  2.20865  5.16727e+280  0  0.23698  -91.3802  0  
9.32  2.21102  1.03345e+281  0  0.23698  -91.4783  0  
9.33  2.21339  2.06691e+281  0  0.23698  -91.5764  0  
9.34  2.21576  4.13382e+281  0  0.23698  -91.6745  0  
9.35  2.21813  8.26763e+281  0  0.23698  -91.7726  0  
9.36  2.2205  1.65353e+282  0  0.23698  -91.8707  0  
9.37  2.22287  3.30705e+282  0  0.23698  -91.9688  0  
9.38  2.22524  6.6141e+282  0  0.23698  -92.0669  0  
9.39  2.22761  1.32282e+283  0  0.23698  -92.165  0  
9.4  2.22998  2.64564e+283  0  0.23698  -92.2631  0  
9.41  2.23235  5.29128e+283  0  0.23698  -92.3612  0  
9.42  2.23472  1.05826e+284  0  0.23698  -92.4593  0  
9.43  2.23709  2.11651e+284  0  0.23698  -92.5574  0  
9.44  2.23946  4.23303e+284  0  0.23698  -92.6555  0  
9.45  2.24183  8.46605e+284  0  0.23698  -92.7536  0  
9.46  2.2442  1.69321e+285  0  0.23698  -92.8517  0  
9.47  2.24657  3.38642e+285  0  0.23698  -92.9498  0  
9.48  2.24894  6.77284e+285  0  0.23698  -93.0479  0  
9.49  2.25131  1.35457e+286  0  0.23698  -93.146  0  
9.5  2.25368  2.70914e+286  0  0.23698  -93.2441  0  
9.51  2.25605  5.41827e+286  0  0.23698  -93.3422  0  
9.52  2.25842  1.08365e+287  0  0.23698  -93.4403  0  
9.53  2.26079  2.16731e+287  0  0.23698  -93.5384  0  
9.54  2.26316  4.33462e+287  0  0.23698  -93.6365  0  
9.55  2.26553  8.66924e+287  0  0.23698  -93.7346  0  
9.56  2.2679  1.73385e+288  0  0.23698  -93.8327  0  
9.57  2.27027  3.4677e+288  0  0.23698  -93.9308  0  
9.58  2.27264  6.93539e+288  0  0.23698  -94.0289  0  
9.59  2.27501  1.38708e+289  0  0.23698  -94.127  0  
9.6  2.27738  2.77416e+289  0  0.23698  -94.2251  0  
9.61  2.27975  5.54831e+289  0  0.23698  -94.3232  0  
9.62  2.28212  1.10966e+290  0  0.23698  -94.4213  0  
9.63  2.28449  2.21933e+290  0  0.23698  -94.5194  0  
9.64  2.28686  4.43865e+290  0  0.23698  -94.6175  0  
9.65  2.28923  8.8773e+290  0  0.23698  -94.7156  0  
9.66  2.2916  1.77546e+291  0  0.23698  -94.8137  0  
9.67  2.29397  3.55092e+291  0  0.23698  -94.9118  0  
9.68  2.29634  7.10184e+291  0  0.23698  -95.0099  0  
9.69  2.29871  1.42037e+292  0  0.23698  -95.108  0  
9.7  2.30108  2.84074e+292  0  0.23698  -95.2061  0  
9.71  2.30345  5.68147e+292  0  0.23698  -95.3042  0  
9.72  2.30582  1.13629e+293  0  0.23698  -95.4023  0  
9.73  2.30819  2.27259e+293  0  0.23698  -95.5004  0  
9.74  2.31056  4.54518e+293  0  0.23698  -95.5985  0  
9.75  2.31292  9.09036e+293  0  0.23698  -95.6966  0  
9.76  2.31529  1.81807e+294  0  0.23698  -95.7947  0  
9.77  2.31766  3.63614e+294  0  0.23698  -95.8928  0  
9.78  2.32003  7.27229e+294  0  0.23698  -95.9909  0  
9.79  2.3224  1.45446e+295  0  0.23698  -96.089  0  
9.8  2.32477  2.90891e+295  0  0.23698  -96.1871  0  
9.81  2.32714  5.81783e+295  0  0.23698  -96.2852  0  
9.82  2.32951  1.16357e+296  0  0.23698  -96.3833  0  
9.83  2.33188  2.32713e+296  0  0.23698  -96.4814  0  
9.84  2.33425  4.65426e+296  0  0.23698  -96.5795  0  
9.85  2.33662  9.30853e+296  0  0.23698  -96.6776  0  
9.86  2.33899  1.86171e+297  0  0.23698  -96.7757  0  
9.87  2.34136  3.72341e+297  0  0.23698  -96.8738  0  
9.88  2.34373  7.44682e+297  0  0.23698  -96.9719  0  
9.89  2.3461  1.48936e+298  0  0.23698  -97.07  0  
9.9  2.34847  2.97873e+298  0  0.23698  -97.1681  0  
9.91  2.35084  5.95746e+298  0  0.23698  -97.2662  0  
9.92  2.35321  1.19149e+299  0  0.23698  -97.3643  0  
9.93  2.35558  2.38298e+299  0  0.23698  -97.4624  0  
9.94  2.35795  4.76596e+299  0  0.23698  -97.5605  0  
9.95  2.36032  9.53193e+299  0  0.23698  -97.6586  0  
9.96  2.36269  1.90639e+300  0  0.23698  -97.7567  0  
9.97  2.36506  3.81277e+300  0  0.23698  -97.8548  0  
9.98  2.36743  7.62554e+300  0  0.23698  -97.9529  0  
9.99  2.3698  1.52511e+301  0  0.23698  -98.051  0  
