1.59284
1.84427
1.85795
1.84725
1.62356
1.38438
1.29753
1.05671
1.27266
1.47767
1.81217
1.47998
1.39278
1.83608
1.3374
1.64817
1.36824
1.95716
1.14035
1.87009
1.47361
1.80091
1.52048
1.67888
1.72063
1.58202
1.53737
1.75862
1.10591
1.4736
1.18633
1.73692
1.21655
1.13522
1.32414
1.14967
1.22232
1.38649
1.9026
1.44995
1.61306
1.90235
1.09928
1.96981
1.65314
1.17091
1.35815
1.75069
1.60783
1.32505
1.03843
1.63427
1.95895
1.65279
1.63506
1.9953
1.58185
1.41437
1.4747
1.62351
1.33801
1.67475
1.3172
1.77835
1.94957
1.66253
1.01357
1.62285
1.67366
1.97194
1.87819
1.50962
1.05571
1.45116
1.01999
1.44171
1.97959
1.35944
1.48089
1.68866
1.88048
1.91824
1.21682
1.56519
1.8651
1.50897
1.91672
1.92116
1.08311
1.27772
1.00936
1.84234
1.64717
1.84139
1.26473
1.39782
1.55282
1.16494
1.36981
1.14644
1.56962
1.70374
1.28848
1.43329
1.75611
1.3961
1.89604
1.63892
1.89155
1.68006
1.4492
1.97857
1.1162
1.76702
1.41182
1.67544
1.2498
1.31322
1.96542
1.58847
1.65967
1.53321
1.23053
1.39487
1.61881
1.47487
1.47013
1.71607
1.28799
1.38346
1.74917
1.87845
1.10286
1.09237
1.35405
1.55182
1.03363
1.96896
1.321
1.22126
1.14126
1.09726
1.98404
1.26034
1.53702
1.44793
1.09957
1.35231
1.46925
1.84114
1.90465
1.03756
1.50832
1.16685
1.77905
1.86493
1.4114
1.13997
1.03322
1.98257
1.37329
1.42008
1.05059
1.3655
1.01663
1.23074
1.76491
1.94412
1.75
1.3394
1.48955
1.33899
1.17949
1.17099
1.46345
1.87457
1.94412
1.60825
1.59666
1.78364
1.50003
1.05037
1.6991
1.9924
1.26726
1.67909
1.86428
1.75084
1.96449
1.55424
1.21239
1.22244
1.21875
1.56957
1.45211
1.97024
1.68054
1.0853
1.05642
1.48784
1.881
1.9764
1.61766
1.5425
1.85461
1.74383
1.4786
1.67708
1.60705
1.7147
1.4695
1.45601
1.90642
1.13722
1.22922
1.88159
1.90442
1.64578
1.32468
1.51971
1.00006
1.31186
1.42545
1.88534
1.67988
1.45613
1.48341
1.78874
1.22944
1.8803
1.31369
1.95745
1.47175
1.71158
1.15369
1.73044
1.64626
1.21488
1.18646
1.80758
1.74708
1.67485
1.27689
1.17491
1.70447
1.46315
1.84043
1.20487
1.16496
1.12483
1.72208
1.03045
1.74699
1.0926
1.21745
1.74925
1.73169
1.04561
1.20916
1.28692
1.67726
1.06304
1.55565
1.00924
1.83304
1.98433
1.70349
1.18163
1.51239
1.58045
1.78754
1.60648
1.2184
1.45517
1.87887
1.49227
1.71556
1.48616
1.70855
1.49814
1.84455
1.19434
1.77333
1.97426
1.86231
1.78043
1.98503
1.75357
1.00405
1.26948
1.41049
1.42822
1.29784
1.40113
1.12066
1.9807
1.40612
1.56921
1.34361
1.78887
1.41137
1.35927
1.3995
1.30183
1.77522
1.92621
1.32531
1.95287
1.01395
1.53347
1.30458
1.88286
1.25062
1.67741
1.81042
1.43215
1.75213
1.8296
1.37903
1.09655
1.25614
1.59194
1.47648
1.48793
1.45851
1.52459
1.44202
1.85263
1.43344
1.82687
1.50934
1.08638
1.66004
1.20659
1.84728
1.68136
1.17837
1.06986
1.00969
1.89205
1.13347
1.77919
1.92516
1.71518
1.49082
1.4695
1.88271
1.48841
1.41457
1.17411
1.47529
1.78365
1.55643
1.15987
1.14383
1.64946
1.53922
1.32568
1.14701
1.15987
1.12941
1.57892
1.09226
1.91054
1.08297
1.80038
1.87713
1.09346
1.42631
1.47322
1.5802
1.71624
1.02707
1.7314
1.76696
1.00977
1.30829
1.23287
1.50343
1.95372
1.55781
1.09747
1.62168
1.86302
1.15763
1.99243
1.085
1.09446
1.63361
1.9493
1.93675
1.44738
1.7277
1.74224
1.30699
1.11977
1.44388
1.39177
1.53185
1.84536
1.53627
1.68027
1.60918
1.09848
1.09203
1.05597
1.08653
1.23717
1.83951
1.52237
1.51307
1.64983
1.54459
1.03247
1.58015
1.77109
1.37623
1.49102
1.98164
1.24465
1.37432
1.04566
1.31007
1.83152
1.80702
1.64002
1.3681
1.31275
1.80184
1.07045
1.68357
1.38073
1.63393
1.92688
1.85394
1.49768
1.42783
1.82256
1.73823
1.44714
1.9689
1.36316
1.39753
1.73868
1.44908
1.93728
1.25723
1.38176
1.69714
1.89707
1.12106
1.24155
1.22826
1.48951
1.89152
1.35811
1.38524
1.91673
1.11382
1.63113
1.13282
1.37424
1.3244
1.68012
1.79553
1.50393
1.29624
1.88596
1.35187
1.73839
1.55536
1.20152
1.54852
1.51964
1.34878
1.02462
1.14883
1.13185
1.70792
1.70907
1.61175
1.67191
1.44752
1.69608
1.37833
1.10003
1.96026
1.07243
1.0193
1.97957
1.14848
1.2587
1.21553
1.57991
1.97575
1.27301
1.97008
1.0255
1.88804
1.70861
1.27777
1.89486
1.02652
1.62564
1.32954
1.96712
1.16858
1.90148
1.32994
1.88923
1.51245
1.51063
1.38683
1.53009
1.94471
1.89286
1.67711
1.63903
1.54836
1.27268
1.14827
1.8563
1.63506
1.29964
1.46022
1.02453
1.55807
1.36115
1.50271
1.15363
1.42551
1.90617
1.00851
1.96886
1.69089
1.09942
1.28978
1.53907
1.72415
1.38887
1.22708
1.45486
1.97208
1.83382
1.91479
1.66728
1.44067
1.68509
1.6486
1.0291
1.91953
1.54246
1.99114
1.3831
1.80667
1.46101
1.82682
1.53912
1.88726
1.88011
1.3283
1.40442
1.54465
1.62169
1.37936
1.54213
1.12092
1.6807
1.28712
1.04298
1.1161
1.10643
1.31649
1.24653
1.56278
1.90635
1.58011
1.59794
1.23804
1.58089
1.14587
1.33563
1.62553
1.36131
1.91099
1.87849
1.43416
1.51761
1.47467
1.18436
1.43476
1.18755
1.71521
1.52301
1.32057
1.0031
1.5973
1.64908
1.00519
1.97022
1.66387
1.29314
1.20036
1.9257
1.30925
1.40322
1.63306
1.89065
1.43261
1.92822
1.59208
1.43178
1.59278
1.35451
1.65702
1.65231
1.82172
1.40277
1.03757
1.98463
1.44814
1.93764
1.67204
1.2667
1.56406
1.95693
1.11349
1.27223
1.08206
1.76527
1.02169
1.13725
1.26063
1.87108
1.17941
1.43328
1.32512
1.5834
1.93647
1.94078
1.05251
1.59621
1.8918
1.78093
1.21153
1.76499
1.18906
1.89876
1.00893
1.09023
1.61918
1.38244
1.09656
1.98493
1.89658
1.27111
1.47319
1.47975
1.50839
1.96726
1.09996
1.03965
1.48371
1.45826
1.23526
1.05887
1.12384
1.85676
1.39967
1.3814
1.02197
1.37475
1.66161
1.62536
1.91399
1.67179
1.32408
1.31622
1.83332
1.7758
1.28115
1.71393
1.56158
1.39966
1.53086
1.08523
1.66568
1.02963
1.88929
1.68212
1.89131
1.00121
1.93722
1.95831
1.79632
1.99207
1.35523
1.84834
1.77067
1.72053
1.63341
1.30738
1.53728
1.27458
1.00869
1.02494
1.14429
1.51376
1.22266
1.36949
1.05511
1.9112
1.88495
1.89728
1.33219
1.71293
1.42694
1.30169
1.07041
1.42184
1.38832
1.16039
1.35021
1.09562
1.8711
1.66759
1.19272
1.91809
1.57968
1.4559
1.64235
1.25403
1.55108
1.1319
1.20052
1.51405
1.09749
1.85185
1.39554
1.23308
1.58543
1.74684
1.60899
1.57901
1.1701
1.68636
1.9768
1.60859
1.32838
1.80269
1.83636
1.41528
1.41561
1.93662
1.72218
1.0329
1.42595
1.09389
1.97855
1.57521
1.64368
1.36446
1.66771
1.57184
1.77468
1.9001
1.40431
1.89535
1.06508
1.68548
1.23107
1.53887
1.77303
1.74658
1.72143
1.48289
1.19402
1.20557
1.53547
1.43781
1.97499
1.30082
1.07897
1.72688
1.97542
1.78209
1.24705
1.03656
1.40692
1.87775
1.43199
1.28409
1.9353
1.77227
1.61099
1.00268
1.93151
1.67384
1.22447
1.02475
1.00747
1.9274
1.69315
1.70515
1.59606
1.53724
1.45558
1.60019
1.65408
1.37304
1.66823
1.45688
1.08507
1.23317
1.08137
1.32202
1.61133
1.36763
1.72623
1.67806
1.14469
1.16804
1.06444
1.26433
1.34836
1.08825
1.60223
1.71438
1.15722
1.34214
1.72725
1.66332
1.85446
1.5546
1.02576
1.05732
1.08006
1.51714
1.75511
1.03227
1.45669
1.8248
1.66861
1.54592
1.58881
1.89648
1.57508
1.42182
1.70295
1.35721
1.97291
1.8723
1.15665
1.68413
1.03407
1.88521
1.84485
1.51013
1.12769
1.62147
1.23934
1.63087
1.69375
1.10625
1.47695
1.58559
1.25363
1.20101
1.63786
1.76074
1.35911
1.7089
1.58738
1.80959
1.20407
1.7964
1.26641
1.29826
1.97817
1.04601
1.18975
1.52087
1.37599
1.2421
1.68455
1.66924
1.96374
1.8786
1.99744
1.36289
1.04523
1.3253
1.49691
1.1722
1.08508
1.45273
1.93267
1.76317
1.31149
1.88862
1.69727
1.46334
1.26462
1.57553
1.1949
1.74123
1.93693
1.65927
1.72499
1.16449
1.74822
1.49736
1.08738
1.38645
1.72945
1.57821
1.30638
1.98875
1.57403
1.94495
1.55977
1.56467
1.05117
1.10408
1.61444
1.73163
1.24403
1.96398
1.74124
1.23801
1.64442
1.33976
1.72748
1.58459
1.75665
1.25146
1.9323
1.993
1.16453
1.51291
1.86348
1.3477
1.24264
1.73107
1.97752
1.50375
1.39243
1.39193
1.79451
1.70606
1.31892
1.97459
1.89158
1.70093
1.44078
1.2073
1.66496
1.75389
1.60408
1.49562
1.11804
1.78473
1.49159
1.85411
1.13482
1.96509
1.4912
1.07235
1.28011
1.90258
1.33402
1.97008
1.44412
1.36705
1.78977
1.46712
1.07557
1.82884
1.79046
1.51499
1.00968
1.13636
1.71199
1.59086
1.70004
1.36093
1.62938
1.43483
1.4138
1.41503
1.03206
1.061
1.84932
1.69553
1.23041
1.11813
1.04071
1.47971
1.58797
1.89796
1.92027
1.36624
1.93084
1.54578
1.57409
1.17864
1.11586
1.24438
1.12429
1.22329
1.53981
1.86825
1.79499
1.03236
1.69856
1.04679
1.99803
1.78411
1.23138
1.49011
1.7441
1.83981
1.22886
1.13395
1.93108
1.67076
1.87628
1.23238
1.1287
1.35033
1.2527
1.07275
1.64448
1.25121
1.45022
1.2883
1.92119
1.45021
1.87986
1.04402
1.5358
1.45273
1.32612
1.30019
1.26679
1.19953
1.49263
1.34514
1.3306
1.06621
1.01387
1.91166
1.41376
1.67704
1.4524
1.20064
1.92948
1.12266
1.48138
1.09173
1.22928
1.68541
1.52641
1.55005
1.83224
1.06078
1.90483
1.65123
1.64091
1.03021
1.91007
1.02798
1.18545
1.89591
1.12673
1.39799
1.76005
1.56295
1.73048
1.19285
1.41205
1.49839
1.24362
1.99792
1.67112
1.88378
1.39297
1.92484
1.25163
1.15788
1.78686
1.97302
1.06204
1.1
1.3179
1.52595
1.70427
1.95555
1.11782
1.35631
1.26628
1.80742
1.16356
1.87684
1.77371
1.88382
1.96917
1.57344
1.45841
1.48503
1.89551
1.20868
1.37535
1.64113
1.71603
1.05637
1.97815
1.33145
1.20606
1.30717
1.98477
1.66858
1.24528
1.2011
1.0749
1.36321
1.82375
1.27543
1.36849
1.76144
1.69595
1.41243
1.16432
1.89377
1.57506
1.25677
1.23679
1.44839
1.40315
1.06888
1.94314
1.78695
1.49655
1.3269
1.18148
1.16629
1.24049
1.22053
1.7097
1.76963
1.36348
1.15939
1.64473
1.33283
1.93225
1.78866
1.98776
1.88736
1.00532
1.06034
1.89819
1.11893
1.59558
1.35482
1.03377
1.08288
1.76583
1.8424
1.36322
1.24677
1.49359
1.15228
1.61694
1.73951
1.70397
1.93208
1.60171
1.5952
1.73699
1.72578
1.27917
1.79725
1.90444
1.77941
1.84938
1.84872
1.24762
1.82705
1.71898
1.32337
1.67468
1.67319
1.80236
1.00006
1.64721
1.67289
1.57741
1.77738
1.14353
1.30131
1.75587
1.34292
1.60365
1.62139
1.29861
1.46091
1.6848
1.77366
1.64722
1.38574
1.03157
1.90101
1.00938
1.10239
1.78327
1.06089
1.8858
1.89811
1.05598
1.95096
1.51446
1.00069
1.52336
1.3806
1.98536
1.26059
1.44655
1.0947
1.87665
1.03753
1.77124
1.27833
1.13913
1.70144
1.6245
1.03558
1.38817
1.55568
1.35644
1.63172
1.46258
1.64633
1.60954
1.20095
1.33784
1.30325
1.98041
1.2439
1.23031
1.05747
1.94844
1.476
1.98903
1.7497
1.03425
1.79555
1.90873
1.73574
1.26593
1.14544
1.19406
1.99289
1.50002
1.99654
1.6586
1.93043
1.64342
1.24658
1.31502
1.90298
1.92209
1.63784
1.0979
1.26091
1.17793
1.62005
1.15439
1.44085
1.55244
1.22787
1.22716
1.26695
1.89706
1.56463
1.12581
1.20501
1.93684
1.37311
1.35039
1.46999
1.39416
1.33828
1.36648
1.86646
1.69473
1.01777
1.95815
1.82357
1.92106
1.2407
1.68846
1.97676
1.12709
1.74669
1.24253
1.51002
1.25247
1.64903
1.68759
1.04262
1.54924
1.6432
1.57042
1.27368
1.22082
1.15358
1.75987
1.79272
1.55034
1.53233
1.36111
1.07585
1.98403
1.86985
1.2055
1.42485
1.65251
1.55265
1.2512
1.32405
1.78816
1.16245
1.08158
1.51318
1.22133
1.23232
1.52592
1.49853
1.92796
1.50345
1.19637
1.02708
1.08418
1.41986
1.51712
1.64649
1.47121
1.6582
1.00072
1.01478
1.80273
1.6137
1.75574
1.3784
1.60093
1.46917
1.72532
1.09766
1.11749
1.81322
1.10537
1.96451
1.71264
1.52399
1.88612
1.86333
1.77543
1.79729
1.78149
1.56971
1.72685
1.45715
1.80222
1.74353
1.86629
1.92749
1.01364
1.48042
1.91715
1.16993
1.03922
1.43015
1.43125
1.5312
1.47065
1.69799
1.54182
1.54234
1.66721
1.52239
1.06213
1.81126
1.28645
1.90165
1.64223
1.76387
1.31251
1.1561
1.65147
1.33708
1.43024
1.84934
1.02233
1.79431
1.92429
1.50625
1.14418
1.39623
1.14897
1.12274
1.96391
1.30342
1.26668
1.77109
1.52832
1.87299
1.99985
1.08028
1.14308
1.9431
1.2113
1.04493
1.86036
1.07357
1.96184
1.76028
1.40442
1.06512
1.71161
1.56983
1.15139
1.62734
1.6573
1.94542
1.45784
1.51249
1.90854
1.2464
1.26335
1.93011
1.37345
1.77163
1.33984
1.21813
1.30882
1.50697
1.22178
1.73
1.07492
1.55332
1.57666
1.31567
1.04447
1.51231
1.06383
1.84806
1.94937
1.26496
1.10137
1.28673
1.19665
1.0089
1.8913
1.78902
1.30288
1.64483
1.97041
1.78556
1.74897
1.60762
1.36994
1.58464
1.15728
1.03776
1.39275
1.15413
1.15274
1.47983
1.17694
1.19988
1.57514
1.45706
1.71812
1.46305
1.30731
1.63587
1.48263
1.97758
1.24777
1.67506
1.98737
1.92599
1.25257
1.71947
1.38654
1.75949
1.12571
1.9731
1.1495
1.69954
1.34551
1.18694
1.39085
1.97136
1.11477
1.03309
1.79612
1.82
1.48579
1.96093
1.62772
1.591
1.83294
1.00112
1.1967
1.28714
1.44674
1.1238
1.85972
1.71562
1.771
1.09112
1.50146
1.11973
1.27404
1.92055
1.77263
1.77206
1.75309
1.40464
1.08696
1.93088
1.69439
1.77824
1.79161
1.82334
1.38234
1.93478
1.46959
1.21596
1.51462
1.644
1.31942
1.10681
1.45686
1.4878
1.77141
1.07242
1.67043
1.14799
1.68111
1.34198
1.84509
1.45637
1.23371
1.76252
1.97865
1.63364
1.13443
1.20437
1.37966
1.49658
1.02014
1.4817
1.47488
1.43588
1.30866
1.95694
1.66601
1.78763
1.5156
1.36615
1.37121
1.27338
1.54696
1.85414
1.0392
1.7513
1.78376
1.39472
1.74379
1.38929
1.31539
1.23548
1.80379
1.02908
1.2391
1.30136
1.60763
1.42582
1.66306
1.14306
1.34345
1.52931
1.62257
1.2696
1.26117
1.04638
1.82271
1.02795
1.36063
1.17991
1.50177
1.98065
1.42099
1.58563
1.59117
1.057
1.72114
1.77642
1.73376
1.14674
1.45388
1.39716
1.38576
1.06829
1.7903
1.00493
1.16326
1.69683
1.22743
1.84702
1.60163
1.75326
1.22581
1.75138
1.83605
1.54202
1.0274
1.32997
1.59114
1.93809
1.2175
1.04372
1.59599
1.54101
1.40649
1.95356
1.08429
1.9511
1.03499
1.53894
1.94564
1.46175
1.11025
1.96869
1.45159
1.81561
1.68158
1.40579
1.98241
1.65714
1.75747
1.02167
1.60917
1.94519
1.24201
1.2503
1.8502
1.94532
1.37129
1.67576
1.91565
1.09512
1.48494
1.78079
1.6485
1.12651
1.86003
1.61807
1.95066
1.6018
1.81459
1.98738
1.78745
1.49138
1.58847
1.57325
1.04946
1.38529
1.42228
1.12963
1.04131
1.00475
1.35681
1.24253
1.55539
1.92393
1.03905
1.43527
1.66765
1.08421
1.61197
1.3691
1.76527
1.24762
1.1235
1.10704
1.49476
1.56207
1.21878
1.5508
1.71785
1.2498
1.01016
1.83107
1.84368
1.37768
1.93824
1.8268
1.31737
1.59819
1.40412
1.11687
1.41248
1.84366
1.52311
1.6084
1.35987
1.1758
1.57004
1.55178
1.95613
1.00936
1.89815
1.92585
1.24062
1.04568
1.84886
1.16898
1.39688
1.4532
1.325
1.42653
1.31125
1.52522
1.04002
1.59097
1.15289
1.9764
1.64561
1.00792
1.03907
1.26973
1.76394
1.09226
1.66207
1.55158
1.43653
1.17734
1.03272
1.51237
1.51461
1.0149
1.64258
1.36137
1.48131
1.45909
1.69759
1.50625
1.37005
1.1965
1.02988
1.22618
1.62181
1.25814
1.67869
1.93759
1.25657
1.77383
1.65616
1.39959
1.70633
1.27967
1.29938
1.40049
1.4237
1.55229
1.38338
1.85548
1.63294
1.91391
1.36627
1.98467
1.71131
1.76824
1.57808
1.87919
1.09792
1.77982
1.65209
1.84099
1.87921
1.46488
1.96241
1.81397
1.86909
1.01288
1.94751
1.25465
1.63024
1.4566
1.61179
1.58102
1.77129
1.55155
1.55994
1.59177
1.21841
1.68349
1.98306
1.92612
1.23496
1.97764
1.83015
1.96665
1.9747
1.46573
1.62668
1.26629
1.20864
1.44841
1.25062
1.85261
1.05846
1.28915
1.17765
1.09858
1.5098
1.8548
1.43571
1.2653
1.88216
1.92113
1.5058
1.65813
1.0615
1.34141
1.38963
1.50547
1.84865
1.80957
1.00978
1.15537
1.37716
1.51202
1.60699
1.1444
1.69629
1.89078
1.22372
1.53989
1.98976
1.64413
1.09325
1.77336
1.50787
1.11201
1.51515
1.75524
1.11714
1.35626
1.0824
1.1515
1.0525
1.22614
1.45423
1.79142
1.6863
1.58754
1.98659
1.46369
1.91514
1.33664
1.42648
1.39727
1.59682
1.93206
1.76778
1.83395
1.79211
1.9519
1.11421
1.8144
1.67227
1.03274
1.39885
1.31845
1.10319
1.30985
1.11239
1.00386
1.8876
1.15684
1.48784
1.05541
1.8119
1.75607
1.81976
1.71484
1.85041
1.29733
1.27264
1.04215
1.97148
1.30602
1.22742
1.06825
1.42982
1.80861
1.31959
1.78037
1.77389
1.93652
1.25681
1.58505
1.92944
1.23485
1.13483
1.38045
1.91041
1.74954
1.03748
1.77326
1.45183
1.66632
1.71048
1.55298
1.69668
1.63531
1.68134
1.1039
1.75744
1.49096
1.18878
1.31155
1.62053
1.96391
1.18808
1.89529
1.64678
1.49748
1.3702
1.15394
1.12065
1.13093
1.22813
1.85263
1.24512
1.35648
1.93195
1.4803
1.59209
1.82873
1.14286
1.53372
1.09881
1.54278
1.59438
1.54609
1.36428
1.84844
1.30963
1.76393
1.44848
1.80542
1.79154
1.8209
1.69087
1.75796
1.77975
1.75135
1.39208
1.19744
1.97013
1.25631
1.98038
1.10218
1.82697
1.21152
1.83095
1.06918
1.8667
1.41836
1.92482
1.64228
1.51636
1.56724
1.53646
1.13677
1.67157
1.17872
1.83818
1.06291
1.9544
1.14896
1.15547
1.07009
1.14982
1.57399
1.3569
1.93384
1.36633
1.92614
1.05857
1.21994
1.84268
1.16367
1.26025
1.37122
1.5842
1.39231
1.26817
1.48694
1.53186
1.96241
1.67595
1.19217
1.76133
1.98114
1.15072
1.16225
1.11468
1.29076
1.69597
1.33278
1.09546
1.6299
1.77514
1.40504
1.66682
1.58903
1.64364
1.42188
1.4771
1.81495
1.58712
1.09429
1.02985
1.51125
1.54466
1.81617
1.73044
1.22538
1.7936
1.62912
1.23327
1.51587
1.24003
1.72172
1.30187
1.49674
1.8982
1.98736
1.9579
1.77047
1.1362
1.46795
1.96829
1.35301
1.1595
1.19131
1.54935
1.0217
1.77026
1.39257
1.22336
1.2916
1.80314
1.03718
1.77132
1.7623
1.08154
1.83104
1.17204
1.13643
1.1664
1.00276
1.53346
1.36898
1.14325
1.86873
1.5062
1.34871
1.53272
1.80921
1.17093
1.86568
1.58544
1.61553
1.58854
1.22132
1.18474
1.47735
1.35634
1.24084
1.58127
1.85618
1.5569
1.90652
1.7168
1.90044
1.20171
1.58734
1.35468
1.74371
1.44988
1.41218
1.14298
1.35455
1.6678
1.50877
1.51913
1.64817
1.27584
1.22075
1.96776
1.13783
1.081
1.70365
1.64713
1.37097
1.07679
1.27953
1.06222
1.98912
1.69541
1.43189
1.91973
1.56545
1.71127
1.50677
1.82648
1.98245
1.41213
1.1473
1.40184
1.79771
1.00019
1.95459
1.66251
1.31065
1.48982
1.26407
1.43593
1.63822
1.67408
1.32277
1.02297
1.37719
1.37538
1.41202
1.96573
1.9701
1.14871
1.91343
1.97846
1.25665
1.74102
1.17545
1.47197
1.6072
1.17959
1.54718
1.73883
1.66742
1.63075
1.12043
1.95639
1.14092
1.61224
1.12953
1.5397
1.86743
1.63029
1.90859
1.65854
1.4554
1.46686
1.21164
1.95386
1.31093
1.39995
1.02979
1.38801
1.11671
1.19143
1.78954
1.47219
1.83774
1.32285
1.3832
1.83213
1.06763
1.82042
1.20539
1.65493
1.53287
1.78929
1.7665
1.5754
1.58069
1.73436
1.61056
1.55899
1.4977
1.95751
1.22124
1.43709
1.41879
1.58656
1.68378
1.22277
1.56186
1.92039
1.23435
1.1108
1.27923
1.55274
1.45248
1.44039
1.6542
1.91649
1.18586
1.34857
1.38517
1.15337
1.8905
1.93244
1.99921
1.23721
1.07175
1.14837
1.82087
1.92968
1.3559
1.9625
1.79695
1.35349
1.85095
1.64101
1.44648
1.45193
1.96212
1.29302
1.66969
1.80421
1.38538
1.46429
1.64227
1.58778
1.73323
1.85565
1.54174
1.95942
1.28114
1.06676
1.38435
1.96409
1.76393
1.19689
1.97971
1.70242
1.79924
1.05387
1.72266
1.48363
1.79493
1.71606
1.17642
1.91872
1.57771
1.38573
1.22771
1.78354
1.9707
1.73552
1.60986
1.95034
1.71157
1.45647
1.32165
1.18871
1.87368
1.72289
1.97808
1.0752
1.31472
1.40646
1.96254
1.59079
1.68008
1.27086
1.25749
1.34277
1.084
1.93952
1.40516
1.2005
1.34381
1.19579
1.25584
1.7576
1.23802
1.69884
1.59337
1.14508
1.76371
1.85287
1.95599
1.959
1.70637
1.29134
1.03791
1.39023
1.73313
1.94064
1.11354
1.54224
1.47477
1.04573
1.65068
1.87258
1.46185
1.52327
1.17779
1.12112
1.61385
1.71641
1.2875
1.49945
1.95806
1.03332
1.23581
1.10305
1.82199
1.99224
1.15973
1.7519
1.28738
1.32874
1.92985
1.71252
1.81207
1.45476
1.32726
1.13831
1.62538
1.67984
1.9304
1.12515
1.73706
1.54654
1.45733
1.75292
1.60728
1.10275
1.41916
1.99567
1.76756
1.76258
1.92221
1.72939
1.84798
1.40108
1.40014
1.95703
1.75749
1.47132
1.4896
1.01659
1.22973
1.4713
1.2938
1.98182
1.11552
1.50556
1.00991
1.27252
1.22443
1.60509
1.88722
1.56644
1.6441
1.27992
1.30887
1.49901
1.56856
1.54633
1.26005
1.14597
1.36837
1.78412
1.59613
1.18187
1.23322
1.90419
1.39619
1.8537
1.97747
1.35787
1.01292
1.72779
1.48544
1.88742
1.16923
1.24325
1.47164
1.13578
1.36033
1.01556
1.80178
1.1007
1.59586
1.26223
1.03001
1.1097
1.69922
1.89106
1.05468
1.28144
1.39843
1.97868
1.44267
1.82486
1.28112
1.46817
1.82586
1.76869
1.23857
1.25272
1.54847
1.93802
1.11993
1.77206
1.7376
1.85078
1.8892
1.88343
1.90092
1.9807
1.33243
1.92901
1.94756
1.64818
1.66459
1.35856
1.7453
1.60256
1.78632
1.15351
1.81459
1.72338
1.54595
1.25972
1.09767
1.48483
1.14462
1.76177
1.92456
1.82032
1.33046
1.146
1.00791
1.66366
1.18761
1.71655
1.57543
1.47002
1.76754
1.98107
1.12859
1.55052
1.31322
1.02796
1.02935
1.57762
1.08292
1.04393
1.17288
1.45986
1.50077
1.91527
1.41967
1.10778
1.23092
1.94541
1.59515
1.35534
1.89271
1.30057
1.88109
1.12113
1.93823
1.93769
1.34527
1.01755
1.35304
1.18081
1.26607
1.62568
1.4431
1.73631
1.63704
1.30056
1.32388
1.79815
1.53216
1.12738
1.58672
1.13798
1.86871
1.12927
1.66941
1.89681
1.09812
1.53023
1.95809
1.27794
1.28107
1.47005
1.9477
1.80101
1.27119
1.23159
1.19862
1.42973
1.80791
1.1523
1.61706
1.47229
1.64632
1.40349
1.75982
1.32101
1.72217
1.95966
1.57924
1.63456
1.5248
1.48595
1.16855
1.68755
1.60617
1.55289
1.30643
1.39449
1.43319
1.65749
1.72589
1.31295
1.61474
1.37037
1.48521
1.08192
1.57868
1.89644
1.95341
1.33464
1.17013
1.97664
1.79671
1.29318
1.00449
1.2642
1.95495
1.47427
1.29431
1.34239
1.2292
1.5653
1.21717
1.69589
1.47276
1.15901
1.98841
1.39773
1.38944
1.44285
1.21757
1.96283
1.4245
1.58616
1.33922
1.48056
1.90409
1.16761
1.7934
1.46214
1.25694
1.68647
1.24433
1.15337
1.33016
1.29288
1.73037
1.766
1.10583
1.76788
1.25657
1.22656
1.70575
1.87375
1.60724
1.93913
1.66543
1.85465
1.52062
1.88572
1.11515
1.3864
1.28941
1.14924
1.14941
1.44286
1.44244
1.91071
1.94109
1.01908
1.25913
1.00845
1.88141
1.53211
1.16113
1.83047
1.07174
1.85362
1.01616
1.45489
1.35397
1.649
1.55022
1.35381
1.98606
1.42934
1.4847
1.62881
1.09916
1.88142
1.566
1.67569
1.92264
1.64234
1.07173
1.08358
1.56823
1.11667
1.04288
1.38366
1.97811
1.54971
1.88481
1.45286
1.93066
1.02991
1.71945
1.95536
1.46957
1.25386
1.6515
1.38197
1.33854
1.35739
1.41167
1.4509
1.1667
1.67627
1.8402
1.73429
1.41959
1.16614
1.71182
1.05266
1.50195
1.9498
1.3515
1.73367
1.93471
1.11617
1.60915
1.56315
1.49358
1.51105
1.39879
1.13569
1.21012
1.05637
1.8311
1.01521
1.22719
1.84246
1.91602
1.32348
1.68276
1.02649
1.93867
1.21176
1.15009
1.09174
1.66888
1.33224
1.52689
1.98274
1.12508
1.56927
1.29138
1.56062
1.86972
1.6734
1.94097
1.74331
1.51029
1.13873
1.10376
1.31962
1.35569
1.82073
1.5036
1.52082
1.99718
1.63396
1.58314
1.82827
1.15205
1.86083
1.26571
1.29169
1.67715
1.12116
1.17943
1.97011
1.62683
1.25397
1.89975
1.34956
1.15472
1.98032
1.11585
1.573
1.75007
1.93139
1.11003
1.52781
1.13252
1.77205
1.20429
1.22671
1.99844
1.84519
1.65054
1.64052
1.59807
1.95211
1.85875
1.61072
1.13663
1.36876
1.96155
1.12154
1.09916
1.03096
1.62248
1.31519
1.90273
1.97115
1.26466
1.86645
1.36468
1.25361
1.59689
1.91267
1.13511
1.25074
1.03704
1.30223
1.71221
1.10273
1.29917
1.55297
1.79113
1.98921
1.42617
1.52178
1.87292
1.46858
1.21386
1.88947
1.72936
1.37694
1.48763
1.20184
1.04545
1.32329
1.63408
1.28272
1.98526
1.10132
1.64505
1.5462
1.0032
1.84038
1.40747
1.51423
1.72537
1.72337
1.79726
1.11434
1.96538
1.87019
1.88513
1.65114
1.28937
1.70405
1.77324
1.22925
1.85529
1.49062
1.23282
1.96641
1.92259
1.71654
1.54042
1.3671
1.88227
1.77348
1.76724
1.50684
1.04095
1.5582
1.84794
1.50726
1.74191
1.47276
1.55971
1.04614
1.31038
1.89819
1.30875
1.45356
1.56968
1.76546
1.24813
1.07268
1.85974
1.71419
1.77138
1.17082
1.47244
1.45596
1.50337
1.91829
1.99169
1.03165
1.18433
1.84056
1.08757
1.97551
1.70441
1.01139
1.698
1.30862
1.50145
1.13971
1.60351
1.21341
1.28283
1.69606
1.19881
1.28879
1.08689
1.60039
1.23989
1.88155
1.59137
1.22176
1.00729
1.11674
1.23053
1.55251
1.19305
1.6827
1.08878
1.39973
1.23659
1.80286
1.12795
1.1206
1.78152
1.35179
1.78724
1.66469
1.08821
1.97105
1.93047
1.80185
1.83837
1.62052
1.92006
1.41579
1.89342
1.45827
1.78178
1.4756
1.69722
1.43264
1.3812
1.65203
1.78178
1.08145
1.26409
1.58864
1.29389
1.58102
1.99339
1.8851
1.57767
1.0683
1.82286
1.95163
1.12778
1.61899
1.14825
1.11132
1.36695
1.25296
1.73599
1.2262
1.84631
1.24055
1.65942
1.17476
1.58186
1.5038
1.57138
1.38494
1.93031
1.31051
1.90813
1.7471
1.36639
1.4586
1.8728
1.18047
1.15427
1.56738
1.98168
1.49987
1.61521
1.62581
1.68997
1.6738
1.87528
1.433
1.947
1.77823
1.27422
1.28934
1.39858
1.97085
1.02341
1.08029
1.43494
1.59668
1.94014
1.79443
1.03817
1.09714
1.15436
1.7966
1.33076
1.79893
1.0047
1.5607
1.62944
1.51648
1.82149
1.37588
1.60794
1.11508
1.7665
1.12673
1.75682
1.31717
1.01465
1.44903
1.71559
1.90119
1.76254
1.54933
1.35687
1.55831
1.88502
1.86238
1.00969
1.67352
1.15313
1.80376
1.84501
1.86351
1.29059
1.64951
1.0965
1.97443
1.40942
1.54502
1.50386
1.63597
1.07816
1.08993
1.07775
1.18407
1.40271
1.39677
1.31138
1.76824
1.84448
1.0933
1.12874
1.01829
1.13604
1.3637
1.60999
1.47958
1.9724
1.01033
1.67778
1.17809
1.42788
1.72979
1.05772
1.0825
1.76436
1.40657
1.8847
1.46411
1.68724
1.73065
1.50241
1.87388
1.60904
1.16404
1.46157
1.05169
1.99397
1.05721
1.27566
1.67417
1.2559
1.83109
1.28483
1.58573
1.81243
1.81429
1.89424
1.97105
1.73613
1.58941
1.8038
1.23364
1.39197
1.91043
1.98955
1.96668
1.36866
1.1749
1.28592
1.05156
1.00781
1.03555
1.6715
1.14486
1.47677
1.42102
1.91709
1.93774
1.82633
1.78192
1.83759
1.9301
1.56621
1.44761
1.83648
1.4338
1.28554
1.49223
1.36133
1.57935
1.50108
1.53356
1.04151
1.23817
1.33091
1.10218
1.5985
1.16907
1.14497
1.48743
1.43697
1.63708
1.97003
1.04049
1.49188
1.81505
1.34806
1.40821
1.11244
1.52808
1.0509
1.30215
1.66745
1.74986
1.26784
1.54019
1.52361
1.73119
1.38958
1.32689
1.11954
1.44088
1.32044
1.19595
1.16298
1.32984
1.79152
1.78464
1.97863
1.41968
1.88717
1.93368
1.36235
1.48845
1.3395
1.10742
1.40212
1.96337
1.82231
1.76183
1.10093
1.01079
1.13997
1.38889
1.92109
1.13336
1.57248
1.5358
1.16085
1.79268
1.03486
1.07873
1.84581
1.34608
1.98408
1.23637
1.90048
1.57382
1.39339
1.76936
1.83985
1.31261
1.47689
1.67568
1.69809
1.30034
1.0927
1.39111
1.34471
1.08962
1.39319
1.57116
1.99634
1.75701
1.33059
1.41578
1.11816
1.80469
1.56581
1.47319
1.4547
1.23256
1.27384
1.32357
1.00178
1.54147
1.98991
1.32822
1.47768
1.87982
1.53453
1.59522
1.35816
1.4754
1.5187
1.76241
1.87297
1.66364
1.44987
1.8448
1.223
1.35133
1.28833
1.42694
1.74447
1.16767
1.88488
1.55939
1.42222
1.13125
1.61374
1.31762
1.73072
1.97623
1.18634
1.03684
1.20264
1.56466
1.13102
1.37104
1.19478
1.72842
1.00324
1.04015
1.73167
1.96859
1.59053
1.07413
1.79742
1.02684
1.19999
1.47412
1.59852
1.40234
1.63834
1.52233
1.90729
1.99943
1.73019
1.08717
1.32989
1.52169
1.26226
1.87372
1.19647
1.20447
1.90497
1.66934
1.61669
1.70675
1.21539
1.58637
1.68937
1.25633
1.84027
1.55442
1.50238
1.86147
1.18734
1.01924
1.77054
1.22139
1.11343
1.25333
1.15742
1.26506
1.08901
1.48127
1.69415
1.90637
1.74542
1.10872
1.53515
1.07932
1.57278
1.52835
1.00652
1.75381
1.64143
1.45376
1.91897
1.4526
1.4611
1.1627
1.66491
1.16851
1.30964
1.69919
1.30606
1.60282
1.97671
1.04312
1.39421
1.89973
1.58987
1.94178
1.95047
1.82743
1.34792
1.02672
1.95381
1.20408
1.24258
1.6659
1.70218
1.95902
1.59527
1.44033
1.12438
1.85741
1.04426
1.85223
1.33631
1.90803
1.85062
1.69892
1.02134
1.69167
1.56182
1.25218
1.57687
1.84954
1.21065
1.33965
1.08831
1.77837
1.09934
1.91199
1.51086
1.27325
1.07003
1.81779
1.39229
1.88483
1.72055
1.08415
1.77212
1.82263
1.10019
1.67025
1.22098
1.33535
1.14041
1.0438
1.85751
1.93288
1.72177
1.16438
1.00091
1.36347
1.54531
1.41696
1.66756
1.27836
1.28995
1.00606
1.64152
1.84598
1.91624
1.58716
1.19165
1.41032
1.35768
1.05729
1.01408
1.31054
1.7093
1.65094
1.76526
1.87524
1.94881
1.79812
1.04057
1.9686
1.31473
1.8838
1.13441
1.65569
1.32126
1.79409
1.12854
1.50795
1.98206
1.72562
1.1271
1.65822
1.6714
1.82578
1.29673
1.14682
1.84671
1.36486
1.43927
1.95983
1.45849
1.08161
1.66103
1.71678
1.46728
1.70302
1.39609
1.90065
1.7706
1.27931
1.47215
1.7222
1.53417
1.51994
1.84254
1.6527
1.94047
1.27159
1.09973
1.18598
1.18983
1.5542
1.51192
1.59402
1.20106
1.23928
1.05696
1.02532
1.35545
1.74631
1.70011
1.66531
1.02147
1.94852
1.3404
1.43411
1.80125
1.09153
1.17685
1.32561
1.84339
1.68578
1.35839
1.93337
1.7837
1.01045
1.45029
1.42507
1.2356
1.28175
1.68285
1.24045
1.74033
1.46941
1.07965
1.40653
1.79152
1.12926
1.50269
1.18632
1.92636
1.5485
1.16527
1.55905
1.95859
1.82977
1.34011
1.7436
1.68645
1.74827
1.48348
1.91902
1.37257
1.96254
1.12243
1.93249
1.7623
1.9552
1.55363
1.93668
1.16961
1.0299
1.70067
1.86349
1.89689
1.06147
1.35323
1.4443
1.92622
1.29294
1.68838
1.21989
1.61273
1.11312
1.75455
1.04455
1.99834
1.80141
1.6127
1.7685
1.00303
1.4284
1.59362
1.9762
1.36586
1.97049
1.51555
1.06938
1.6165
1.82208
1.88713
1.52884
1.44482
1.63809
1.06241
1.94173
1.23991
1.62737
1.60354
1.72169
1.85353
1.25269
1.20692
1.74623
1.18649
1.95604
1.19726
1.52647
1.65627
1.17067
1.38594
1.77908
1.30016
1.3442
1.20412
1.75855
1.23948
1.27084
1.49088
1.19179
1.22962
1.92623
1.80208
1.26861
1.69911
1.36425
1.42503
1.70586
1.80546
1.26355
1.17375
1.4399
1.2516
1.80385
1.16891
1.32678
1.1932
1.03314
1.58396
1.78003
1.81773
1.68847
1.7628
1.44357
1.11431
1.27206
1.56074
1.92988
1.67996
1.1848
1.46454
1.8374
1.09677
1.07916
1.93749
1.87343
1.42864
1.72404
1.78435
1.33036
1.43623
1.86066
1.01337
1.33831
1.97071
1.45822
1.40542
1.03255
1.72885
1.94109
1.69774
1.65739
1.93204
1.15403
1.10404
1.68561
1.07365
1.90883
1.68486
1.77558
1.89797
1.08265
1.33697
1.55416
1.85384
1.55599
1.57415
1.57305
1.66574
1.7241
1.68604
1.13816
1.99063
1.85202
1.47262
1.64345
1.26729
1.82991
1.60103
1.26261
1.84083
1.09845
1.25516
1.33742
1.1242
1.4643
1.76573
1.40718
1.69488
1.19403
1.82703
1.17049
1.70125
1.28159
1.81709
1.96464
1.77703
1.05396
1.03939
1.02102
1.93518
1.17892
1.85434
1.73341
1.67598
1.04701
1.56984
1.97326
1.64649
1.28915
1.76761
1.48524
1.11693
1.87618
1.80452
1.02672
1.04071
1.1887
1.86304
1.19456
1.92172
1.51086
1.28725
1.12504
1.57995
1.89653
1.62036
1.43431
1.62501
1.73474
1.23916
1.27
1.89235
1.7807
1.72647
1.6706
1.51934
1.36241
1.39179
1.07935
1.88619
1.02102
1.84472
1.45555
1.18428
1.62299
1.51314
1.64068
1.36577
1.79856
1.42823
1.38849
1.62638
1.83608
1.0877
1.43745
1.47298
1.53194
1.32597
1.18363
1.22849
1.24665
1.41417
1.5538
1.33182
1.82564
1.47586
1.30583
1.34564
1.98928
1.66153
1.40968
1.89685
1.76461
1.86461
1.16112
1.80242
1.48011
1.06815
1.09204
1.5734
1.38872
1.07082
1.43637
1.79215
1.21501
1.72254
1.42631
1.3287
1.41776
1.6359
1.38293
1.53346
1.07484
1.66398
1.14458
1.16892
1.69658
1.99098
1.90361
1.4574
1.30281
1.44502
1.55972
1.26399
1.72169
1.02408
1.9426
1.72601
1.87306
1.33854
1.93199
1.99012
1.17945
1.57437
1.86678
1.04867
1.77582
1.03495
1.65472
1.09571
1.10044
1.28753
1.37367
1.50611
1.06758
1.39167
1.95739
1.47783
1.97541
1.94592
1.27266
1.81439
1.34652
1.64552
1.32591
1.19668
1.57907
1.8507
1.95704
1.26252
1.67954
1.82537
1.21167
1.51203
1.90552
1.86489
1.01129
1.62416
1.6354
1.99109
1.68851
1.53975
1.18211
1.26404
1.81984
1.06957
1.01417
1.61136
1.67614
1.82574
1.53022
1.84237
1.82521
1.38963
1.09081
1.76295
1.96514
1.87836
1.6333
1.09608
1.59219
1.0157
1.59198
1.83371
1.74145
1.6157
1.12055
1.17281
1.84511
1.59148
1.52189
1.20812
1.4244
1.58088
1.62809
1.70345
1.74825
1.62086
1.15558
1.54232
1.07481
1.5908
1.97941
1.26725
1.39184
1.27256
1.55891
1.04379
1.99394
1.79675
1.61737
1.81263
1.22141
1.85843
1.9836
1.63553
1.56276
1.45136
1.64265
1.65628
1.55531
1.76215
1.35416
1.8112
1.6353
1.34559
1.1793
1.48165
1.45407
1.29462
1.59142
1.0054
1.32642
1.64906
1.02587
1.57656
1.37647
1.75774
1.21241
1.82158
1.20681
1.60647
1.19804
1.54719
1.47369
1.22392
1.58366
1.22085
1.50885
1.85686
1.86396
1.64728
1.46532
1.66939
1.81028
1.79149
1.5484
1.3074
1.65782
1.01899
1.96877
1.3297
1.41752
1.54792
1.71749
1.16179
1.37586
1.3189
1.05595
1.45387
1.08796
1.88216
1.52968
1.81781
1.59555
1.93577
1.08173
1.73202
1.68272
1.7952
1.57289
1.30145
1.31244
1.88762
1.3545
1.81411
1.7659
1.51008
1.91208
1.30076
1.00654
1.75774
1.76478
1.19586
1.81567
1.85899
1.6571
1.51952
1.62847
1.63684
1.84895
1.22934
1.91701
1.94988
1.22005
1.10527
1.67359
1.11293
1.24907
1.16415
1.85832
1.90892
1.3133
1.3317
1.46424
1.13604
1.781
1.5331
1.29671
1.48191
1.59281
1.34415
1.26817
1.14596
1.68148
1.44221
1.08791
1.60821
1.11664
1.13345
1.64685
1.86041
1.72656
1.98637
1.24499
1.82611
1.5968
1.75405
1.48005
1.12469
1.81032
1.34732
1.16237
1.53335
1.52817
1.26093
1.74989
1.35826
1.53081
1.5456
1.94469
1.97953
1.68951
1.00081
1.80051
1.88813
1.98228
1.01955
1.8596
1.86664
1.19272
1.8384
1.04675
1.06933
1.59316
1.96521
1.47052
1.37776
1.49745
1.98819
1.66387
1.54951
1.79215
1.47411
1.5007
1.77429
1.47712
1.12913
1.03342
1.64316
1.10587
1.88812
1.5035
1.01561
1.2711
1.58317
1.32962
1.38077
1.89342
1.64898
1.24797
1.87369
1.84066
1.63937
1.24397
1.81124
1.42587
1.27997
1.21579
1.25232
1.45681
1.61674
1.90258
1.82781
1.20452
1.89349
1.34472
1.51812
1.33048
1.81497
1.11034
1.92333
1.21809
1.25784
1.17571
1.11566
1.58088
1.43914
1.8169
1.33716
1.78016
1.58633
1.68764
1.47057
1.27692
1.00737
1.25405
1.57126
1.53193
1.96507
1.71122
1.15943
1.99156
1.34541
1.58994
1.12461
1.71015
1.93032
1.3008
1.80951
1.97493
1.31484
1.15104
1.96486
1.62425
1.16269
1.58142
1.42896
1.0634
1.89311
1.83542
1.20601
1.83446
1.78825
1.74147
1.23938
1.03746
1.81807
1.78704
1.19456
1.264
1.24393
1.52361
1.72764
1.27875
1.18131
1.71811
1.93769
1.36429
1.48329
1.91389
1.77257
1.17496
1.20515
1.0536
1.27025
1.47333
1.3042
1.47136
1.61604
1.93087
1.9235
1.62227
1.36609
1.25787
1.60694
1.64723
1.26798
1.05861
1.35352
1.95454
1.22455
1.31021
1.29285
1.70137
1.73501
1.44432
1.91282
1.72525
1.88798
1.8521
1.77259
1.32093
1.13685
1.67329
1.70023
1.75294
1.81064
1.39953
1.3732
1.31579
1.43308
1.87189
1.00191
1.55007
1.22369
1.57365
1.08622
1.08471
1.18999
1.98506
1.64583
1.43098
1.30157
1.58084
1.4532
1.46227
1.38483
1.24124
1.08445
1.68619
1.17725
1.4255
1.58725
1.14686
1.59736
1.36217
1.2556
1.5486
1.98906
1.76859
1.28526
1.50154
1.40607
1.52546
1.69155
1.78774
1.95578
1.29506
1.32426
1.02238
1.29966
1.94171
1.8334
1.11899
1.96464
1.88791
1.85809
1.92398
1.53399
1.97096
1.0262
1.56243
1.37309
1.56407
1.89837
1.44937
1.22745
1.35874
1.44573
1.45493
1.33783
1.46265
1.34652
1.30058
1.86124
1.84516
1.28402
1.89211
1.42366
1.34506
1.21439
1.711
1.02914
1.60082
1.02798
1.29233
1.973
1.59183
1.29301
1.28833
1.12539
1.33081
1.45032
1.71372
1.56665
1.0418
1.34599
1.051
1.93876
1.42548
1.59882
1.73028
1.00357
1.10562
1.5362
1.60119
1.72431
1.11475
1.35726
1.74678
1.23919
1.96748
1.97445
1.48551
1.13029
1.01858
1.11822
1.37642
1.3381
1.7728
1.56976
1.43879
1.14114
1.14488
1.76117
1.93877
1.25689
1.52865
1.81988
1.8069
1.64286
1.04293
1.15795
1.84047
1.81198
1.6666
1.57722
1.26675
1.66334
1.10743
1.95368
1.57394
1.07345
1.85982
1.56536
1.22559
1.04555
1.98456
1.49518
1.22403
1.57596
1.1932
1.26282
1.92487
1.30419
1.5285
1.29288
1.41688
1.5906
1.76196
1.00807
1.21387
1.80311
1.26467
1.1124
1.33202
1.6799
1.65216
1.84905
1.94076
1.67302
1.86022
1.26269
1.44253
1.31789
1.76929
1.74806
1.40132
1.66648
1.01306
1.90658
1.42282
1.90629
1.04554
1.08355
1.49988
1.22211
1.73018
1.68289
1.63067
1.84099
1.84658
1.27074
1.22086
1.67747
1.10931
1.20225
1.88991
1.64239
1.1965
1.68472
1.18669
1.63775
1.21697
1.71364
1.98222
1.4915
1.66184
1.99931
1.40147
1.8114
1.10221
1.01174
1.96571
1.60767
1.36976
1.45659
1.1055
1.02845
1.75657
1.53588
1.89911
1.61163
1.46818
1.59639
1.64133
1.33747
1.63073
1.33933
1.90782
1.22266
1.24374
1.74014
1.7774
1.51478
1.68471
1.33518
1.23128
1.64243
1.52509
1.89177
1.4878
1.10888
1.79084
1.37022
1.2512
1.54026
1.1051
1.05306
1.61813
1.03845
1.60331
1.25912
1.96549
1.51498
1.77387
1.44028
1.94062
1.02059
1.90207
1.10088
1.02548
1.83708
1.51222
1.00443
1.09817
1.13379
1.37955
1.92717
1.39443
1.6337
1.98568
1.31748
1.6924
1.87055
1.2309
1.10779
1.50852
1.94068
1.87021
1.21714
1.94506
1.40115
1.85506
1.1068
1.41257
1.54332
1.60017
1.89424
1.32069
1.13272
1.47273
1.09007
1.8434
1.52835
1.22898
1.13067
1.59108
1.75168
1.38707
1.78061
1.67429
1.04975
1.71965
1.57475
1.91829
1.09356
1.17517
1.66431
1.85335
1.20843
1.94837
1.8874
1.09887
1.94522
1.24136
1.62646
1.695
1.33047
1.06195
1.67754
1.12186
1.03089
1.74701
1.11082
1.81117
1.98908
1.40368
1.64602
1.92994
1.9169
1.31285
1.02716
1.28775
1.18588
1.35585
1.2841
1.84305
1.52446
1.12939
1.38577
1.66595
1.88298
1.46119
1.91815
1.79633
1.07586
1.81286
1.09151
1.91522
1.71784
1.23299
1.16901
1.45964
1.64969
1.20359
1.95711
1.14887
1.86002
1.2615
1.04557
1.60386
1.43541
1.30446
1.32026
1.67863
1.47153
1.4962
1.05207
1.69961
1.51519
1.79549
1.54312
1.25881
1.12621
1.51188
1.95434
1.18184
1.59868
1.57623
1.27651
1.79779
1.69706
1.51098
1.6236
1.64679
1.95983
1.20269
1.54936
1.84299
1.11947
1.99017
1.75961
1.24853
1.97477
1.2285
1.86297
1.24656
1.8185
1.32671
1.9962
1.81496
1.25466
1.76116
1.57373
1.23247
1.11588
1.44407
1.16681
1.84216
1.32193
1.15845
1.72145
1.24297
1.68511
1.3994
1.38909
1.10387
1.00132
1.94632
1.00847
1.74153
1.68251
1.42244
1.54083
1.43206
1.6842
1.72121
1.28163
1.84942
1.5198
1.8447
1.93201
1.49772
1.76203
1.54714
1.42109
1.3915
1.58345
1.38184
1.79508
1.20733
1.27132
1.53796
1.30032
1.70881
1.53334
1.08692
1.75703
1.21954
1.94371
1.4374
1.73938
1.78555
1.60868
1.24062
1.14367
1.72911
1.24854
1.27749
1.64482
1.98565
1.52568
1.34054
1.03434
1.81627
1.67523
1.74294
1.12865
1.60345
1.13237
1.10264
1.7393
1.80167
1.54769
1.14071
1.74934
1.10704
1.58391
1.734
1.71354
1.71173
1.03756
1.9023
1.48224
1.13886
1.49835
1.49679
1.70974
1.24027
1.26691
1.07811
1.11354
1.41827
1.53752
1.89979
1.70506
1.99091
1.59358
1.93892
1.85496
1.02768
1.79619
1.22324
1.9483
1.11968
1.20547
1.30337
1.00309
1.01368
1.63832
1.05588
1.10127
1.43355
1.75906
1.35229
1.88642
1.17734
1.22445
1.04384
1.80626
1.76732
1.92789
1.85707
1.0061
1.63449
1.2134
1.05653
1.97989
1.29574
1.43822
1.47308
1.97262
1.49601
1.72614
1.27063
1.55967
1.51165
1.09092
1.86084
1.15364
1.43365
1.90935
1.60268
1.38508
1.79085
1.06615
1.76045
1.86462
1.77752
1.28645
1.34032
1.83711
1.22614
1.53789
1.55887
1.81233
1.01613
1.9999
1.14014
1.35607
1.67073
1.01949
1.49541
1.01322
1.25419
1.91952
1.3086
1.9425
1.38817
1.56776
1.74059
1.83352
1.04604
1.35759
1.06407
1.97265
1.26886
1.41762
1.41605
1.34695
1.12847
1.24037
1.61785
1.79418
1.84289
1.23983
1.1906
1.46186
1.47957
1.36423
1.3495
1.73165
1.97925
1.01288
1.11044
1.23996
1.8844
1.87483
1.40684
1.40076
1.44397
1.03783
1.86531
1.70542
1.32154
1.02404
1.18162
1.3227
1.296
1.88634
1.79501
1.19287
1.90536
1.54814
1.30327
1.13015
1.94171
1.06583
1.26178
1.83882
1.279
1.48085
1.78429
1.591
1.71324
1.31215
1.19848
1.60347
1.16718
1.53898
1.84224
1.60081
1.63832
1.27593
1.99012
1.2941
1.35743
1.38585
1.94995
1.61068
1.06049
1.37865
1.14669
1.13865
1.59479
1.35202
1.54057
1.62066
1.48782
1.21539
1.09245
1.30038
1.53852
1.27935
1.39178
1.9057
1.02633
1.08272
1.82006
1.1861
1.83221
1.62485
1.10942
1.33428
1.96159
1.17663
1.41344
1.30731
1.50982
1.43439
1.93186
1.82612
1.58038
1.33384
1.75113
1.58959
1.16248
1.31204
1.56832
1.69996
1.3205
1.91022
1.4082
1.14917
1.21235
1.19879
1.2338
1.38367
1.46494
1.54228
1.93803
1.56996
1.17965
1.45536
1.16881
1.91109
1.16838
1.61056
1.57796
1.62315
1.05861
1.28932
1.35367
1.92316
1.60859
1.80782
1.49602
1.39731
1.4836
1.78716
1.09101
1.95368
1.60356
1.18622
1.04376
1.12809
1.1071
1.40264
1.69199
1.25018
1.38505
1.5642
1.81346
1.60768
1.18521
1.24418
1.37141
1.48705
1.88421
1.24666
1.92768
1.77346
1.31951
1.9668
1.36879
1.67943
1.93655
1.78921
1.88651
1.16167
1.64352
1.07991
1.97995
1.69828
1.10423
1.793
1.46231
1.07952
1.80437
1.03525
1.79533
1.57422
1.00271
1.44534
1.61058
1.20512
1.23612
1.06472
1.66973
1.19451
1.86109
1.75852
1.09296
1.55767
1.41251
1.77873
1.66219
1.07815
1.98166
1.25693
1.25556
1.30479
1.97606
1.80378
1.08605
1.41798
1.85529
1.34922
1.29141
1.6394
1.36767
1.16162
1.48327
1.8117
1.84452
1.61565
1.99912
1.98467
1.23869
1.77092
1.1839
1.41142
1.00996
1.20144
1.22362
1.98776
1.04165
1.94585
1.83819
1.02248
1.13673
1.62903
1.3508
1.34136
1.69647
1.99476
1.33271
1.92304
1.72844
1.84699
1.50884
1.53329
1.54646
1.56514
1.14444
1.20705
1.15372
1.19097
1.66497
1.2065
1.87839
1.11947
1.98874
1.00143
1.84387
1.00199
1.78547
1.72765
1.69454
1.35088
1.62709
1.59941
1.73954
1.71001
1.24823
1.70959
1.31247
1.3855
1.28777
1.7392
1.83467
1.24865
1.51409
1.70562
1.82454
1.72726
1.09918
1.68409
1.9054
1.44198
1.74261
1.96193
1.69397
1.28973
1.45207
1.46871
1.84905
1.96827
1.5932
1.07692
1.94955
1.99402
1.39558
1.82585
1.43388
1.69546
1.04187
1.89069
1.04479
1.22007
1.56775
1.88265
1.27249
1.08932
1.80958
1.3593
1.74361
1.19238
1.23286
1.35407
1.78466
1.93836
1.78721
1.00777
1.80846
1.63643
1.79854
1.57232
1.02865
1.80312
1.07636
1.34825
1.54059
1.28587
1.75972
1.97413
1.46258
1.95276
1.91703
1.81827
1.72685
1.02003
1.90161
1.57259
1.13157
1.6914
1.27189
1.69174
1.08043
1.97505
1.06653
1.86771
1.31589
1.2931
1.39498
1.77256
1.19976
1.44708
1.4888
1.90752
1.55485
1.63865
1.89408
1.33335
1.07225
1.78851
1.75874
1.32431
1.94795
1.83369
1.00281
1.10567
1.46454
1.9103
1.17626
1.66895
1.86801
1.92987
1.65606
1.35284
1.36382
1.76225
1.87084
1.96187
1.75924
1.55879
1.91307
1.94279
1.4676
1.94838
1.60324
1.40902
1.88283
1.41969
1.36035
1.81872
1.97507
1.66292
1.32374
1.83566
1.9139
1.14906
1.30942
1.61708
1.3326
1.61806
1.82722
1.1385
1.62419
1.66338
1.8738
1.71291
1.78899
1.16552
1.13247
1.90451
1.16551
1.37036
1.79017
1.06044
1.52002
1.5459
1.00407
1.39315
1.90717
1.42624
1.91348
1.31575
1.50533
1.84304
1.98145
1.75919
1.34364
1.31393
1.05707
1.20292
1.75973
1.41483
1.15654
1.29758
1.5888
1.95658
1.95943
1.11404
1.23627
1.59891
1.91206
1.98149
1.72712
1.41164
1.8728
1.41933
1.66685
1.48963
1.77947
1.73559
1.39069
1.10081
1.95177
1.91861
1.18188
1.2033
1.78772
1.78676
1.96549
1.9976
1.49836
1.96037
1.81598
1.75637
1.36595
1.85039
1.91911
1.734
1.64649
1.6404
1.15568
1.21991
1.22894
1.16268
1.478
1.06692
1.28743
1.80743
1.92484
1.86542
1.31717
1.5293
1.93368
1.56668
1.25523
1.6846
1.63306
1.08167
1.77016
1.09019
1.62856
1.69051
1.59321
1.37328
1.60575
1.55259
1.5952
1.80975
1.82597
1.75674
1.4823
1.35509
1.87828
1.87676
1.81364
1.88436
1.39526
1.53445
1.56989
1.71793
1.78215
1.56219
1.90273
1.22465
1.40868
1.05729
1.98191
1.80132
1.12353
1.33394
1.53432
1.29659
1.1179
1.59872
1.22364
1.63291
1.69086
1.81411
1.44658
1.69831
1.03515
1.63095
1.43455
1.80907
1.98789
1.29243
1.89444
1.10599
1.45238
1.69528
1.86311
1.22121
1.49263
1.97591
1.73727
1.39401
1.49755
1.91965
1.48679
1.05809
1.2047
1.00375
1.48023
1.97341
1.80247
1.04129
1.93087
1.11132
1.023
1.2116
1.50016
1.07776
1.78136
1.01748
1.21815
1.5984
1.41057
1.46042
1.66999
1.35963
1.24066
1.91822
1.34519
1.47802
1.81996
1.6328
1.62043
1.63882
1.81037
1.52586
1.07585
1.66551
1.165
1.82871
1.15654
1.95645
1.71035
1.26339
1.20746
1.87826
1.2306
1.41186
1.46032
1.12437
1.73546
1.10767
1.85435
1.53176
1.61669
1.82886
1.33625
1.96514
1.6118
1.12424
1.28777
1.49626
1.68475
1.20216
1.42696
1.10768
1.18054
1.75812
1.60936
1.45224
1.00714
1.06613
1.76357
1.09384
1.77104
1.72417
1.51373
1.35888
1.90023
1.17658
1.85503
1.76348
1.66773
1.94237
1.99613
1.78923
1.22877
1.68496
1.40038
1.12235
1.84879
1.33474
1.96445
1.81112
1.80005
1.82692
1.40813
1.08221
1.99505
1.96415
1.4677
1.82849
1.47736
1.92615
1.40006
1.87865
1.01295
1.3413
1.61646
1.85485
1.08868
1.07467
1.78787
1.56611
1.13192
1.47738
1.20463
1.75139
1.81561
1.44062
1.96786
1.63539
1.25966
1.06593
1.69731
1.59
1.34316
1.7385
1.03874
1.85228
1.19066
1.03313
1.89192
1.61793
1.12443
1.62759
1.88903
1.58505
1.75105
1.89565
1.91611
1.1425
1.7547
1.85823
1.9831
1.86398
1.68292
1.27461
1.31145
1.79018
1.41437
1.8498
1.47089
1.66571
1.9556
1.21229
1.28849
1.44991
1.78607
1.82007
1.8186
1.32781
1.08856
1.14872
1.15544
1.67109
1.55829
1.18102
1.45082
1.50842
1.77794
1.58257
1.37718
1.9494
1.50258
1.86155
1.44167
1.01496
1.60213
1.80243
1.28385
1.70635
1.46346
1.35403
1.06012
1.35566
1.80877
1.79578
1.8423
1.7989
1.7667
1.83359
1.81963
1.22098
1.70726
1.99645
1.14511
1.73543
1.92217
1.65174
1.34201
1.67212
1.92777
1.93534
1.86628
1.55652
1.57183
1.95948
1.66233
1.02022
1.27702
1.39051
1.48679
1.30367
1.21443
1.71059
1.16917
1.09109
1.41005
1.81053
1.76027
1.23639
1.2669
1.98715
1.07429
1.07865
1.09066
1.32378
1.76384
1.89069
1.93241
1.25241
1.46018
1.09351
1.55623
1.00654
1.45963
1.98041
1.14042
1.21076
1.27764
1.86679
1.88999
1.94528
1.24841
1.45349
1.38201
1.59586
1.29596
1.82902
1.90614
1.89997
1.26318
1.48449
1.53785
1.96993
1.43792
1.06983
1.6434
1.17446
1.36519
1.51808
1.96278
1.15966
1.85187
1.01878
1.04791
1.47946
1.57237
1.18901
1.18504
1.71972
1.30843
1.71026
1.5175
1.36694
1.04577
1.9725
1.38001
1.78964
1.33669
1.89779
1.07213
1.28138
1.5262
1.61298
1.64345
1.3919
1.62768
1.86622
1.83807
1.25229
1.0416
1.23965
1.81951
1.65892
1.1245
1.16428
1.26515
1.85429
1.39797
1.33965
1.22565
1.67392
1.96804
1.07935
1.50273
1.90255
1.26758
1.33904
1.49346
1.14012
1.80378
1.25181
1.05882
1.66475
1.5453
1.92964
1.78264
1.03602
1.5298
1.86783
1.01834
1.37346
1.83309
1.24934
1.01218
1.34057
1.03459
1.91569
1.85278
1.42192
1.40782
1.97943
1.48926
1.43669
1.40047
1.3177
1.34323
1.44438
1.92352
1.87785
1.76277
1.78378
1.42392
1.58282
1.89692
1.33088
1.39742
1.26508
1.04494
1.01623
1.27244
1.94117
1.32424
1.88857
1.11812
1.67467
1.32858
1.89248
1.69774
1.34213
1.48753
1.23464
1.03011
1.06473
1.81177
1.73957
1.66596
1.91314
1.2524
1.01806
1.91469
1.98657
1.16714
1.66186
1.10125
1.0553
1.36266
1.1006
1.11119
1.49397
1.52988
1.39372
1.66505
1.98669
1.84185
1.76417
1.41631
1.32985
1.5713
1.30824
1.16994
1.86823
1.12071
1.98434
1.2594
1.73725
1.06111
1.80314
1.51577
1.96752
1.49234
1.77766
1.2325
1.34822
1.78865
1.87277
1.1064
1.69121
1.98043
1.94687
1.36433
1.29882
1.13452
1.98744
1.76885
1.62581
1.52099
1.80639
1.65166
1.48762
1.44165
1.37858
1.96986
1.9148
1.33387
1.06488
1.15553
1.59619
1.72414
1.86317
1.90972
1.93482
1.97774
1.77897
1.73321
1.34042
1.9289
1.13742
1.54486
1.45206
1.89028
1.64242
1.38511
1.09384
1.28868
1.50807
1.39521
1.94905
1.59731
1.707
1.59564
1.40511
1.06134
1.03099
1.65374
1.69484
1.1799
1.63357
1.01081
1.44457
1.27911
1.88284
1.30813
1.39079
1.16
1.13066
1.34177
1.74976
1.06798
1.05951
1.81107
1.52419
1.85977
1.61348
1.07844
1.17385
1.44208
1.18846
1.86565
1.98071
1.61894
1.64881
1.88915
1.67785
1.38547
1.23984
1.40934
1.96681
1.08027
1.10294
1.66243
1.60401
1.7373
1.90091
1.51455
1.35031
1.52036
1.17437
1.90035
1.68231
1.87067
1.30241
1.89376
1.15192
1.37021
1.07156
1.6111
1.24238
1.23426
1.99351
1.23997
1.51249
1.61654
1.96877
1.9438
1.41124
1.11186
1.19405
1.01023
1.00095
1.77708
1.35685
1.64844
1.56326
1.87924
1.57532
1.11014
1.87944
1.72277
1.30756
1.75538
1.39318
1.86104
1.4956
1.60576
1.07371
1.83359
1.49167
1.13826
1.04989
1.36199
1.96694
1.83858
1.61239
1.48253
1.96175
1.95616
1.51278
1.15327
1.53322
1.37771
1.7329
1.41445
1.02167
1.81437
1.79029
1.63806
1.81918
1.04192
1.7561
1.45487
1.13538
1.09458
1.68913
1.64849
1.09719
1.54314
1.92972
1.7958
1.96274
1.80097
1.6551
1.91176
1.67237
1.50025
1.09217
1.41503
1.18727
1.87269
1.42828
1.48042
1.76377
1.8561
1.38785
1.39201
1.14046
1.45764
1.27051
1.16592
1.50013
1.39607
1.69562
1.63448
1.28725
1.88964
1.59127
1.27768
1.09883
1.77335
1.44661
1.92921
1.99118
1.75551
1.03068
1.74437
1.73151
1.47378
1.55416
1.75128
1.27397
1.37658
1.96516
1.0104
1.5771
1.52727
1.95295
1.81949
1.66505
1.47151
1.84745
1.25269
1.73943
1.13957
1.94782
1.62275
1.19514
1.64849
1.68913
1.48788
1.3626
1.71045
1.16999
1.36198
1.29004
1.14094
1.66883
1.66621
1.89061
1.37894
1.08661
1.39141
1.45384
1.13226
1.9197
1.01816
1.35624
1.35824
1.97927
1.2339
1.58187
1.92103
1.27824
1.52645
1.76885
1.19022
1.97718
1.06957
1.49579
1.61832
1.1965
1.64802
1.22613
1.19951
1.46308
1.904
1.82705
1.47161
1.92678
1.44697
1.71444
1.48636
1.54433
1.8217
1.71003
1.41754
1.81828
1.75377
1.80515
1.29048
1.78598
1.42035
1.49584
1.29746
1.25952
1.04344
1.45261
1.05348
1.74054
1.64326
1.30051
1.07419
1.21645
1.04313
1.90519
1.41452
1.59664
1.32892
1.52489
1.54801
1.71993
1.48521
1.29654
1.32746
1.92697
1.77736
1.32905
1.66871
1.76932
1.18389
1.70229
1.58492
1.52793
1.4131
1.99245
1.80511
1.10382
1.33078
1.53231
1.78817
1.70935
1.33085
1.8825
1.54024
1.85586
1.88968
1.6239
1.14515
1.60754
1.01796
1.63585
1.2003
1.85994
1.0864
1.29276
1.00284
1.91319
1.87074
1.23435
1.12017
1.53415
1.5222
1.46508
1.50792
1.60309
1.94983
1.90864
1.70291
1.90202
1.64935
1.73572
1.61441
1.37479
1.43
1.57009
1.24459
1.077
1.69654
1.48788
1.2386
1.43933
1.03226
1.4761
1.63537
1.649
1.21101
1.37017
1.48359
1.95664
1.37087
1.45567
1.9962
1.08997
1.00341
1.20789
1.08535
1.89233
1.50018
1.79409
1.91604
1.95511
1.31237
1.24564
1.59696
1.55817
1.89957
1.44417
1.99123
1.74711
1.86918
1.59681
1.73616
1.87007
1.79114
1.54669
1.91888
1.20431
1.24144
1.64269
1.86579
1.14153
1.58495
1.8596
1.44941
1.3432
1.87908
1.9343
1.64983
1.88242
1.32424
1.57803
1.73526
1.38605
1.5111
1.99981
1.26709
1.21093
1.18033
1.23494
1.26294
1.42933
1.757
1.53637
1.85085
1.00355
1.94014
1.17052
1.39876
1.8368
1.64533
1.11673
1.91378
1.85122
1.41978
1.3655
1.73287
1.56749
1.01753
1.03977
1.79899
1.40875
1.13113
1.893
1.72498
1.37385
1.13483
1.05026
1.64036
1.62583
1.74175
1.64779
1.44954
1.11523
1.37117
1.60847
1.52504
1.29214
1.23576
1.30484
1.06556
1.68636
1.35188
1.30378
1.53691
1.61716
1.00988
1.69705
1.69508
1.441
1.58077
1.50388
1.01487
1.11596
1.61205
1.28093
1.02237
1.88946
1.91597
1.57737
1.46185
1.14047
1.93044
1.6928
1.37823
1.25569
1.3749
1.92638
1.21653
1.22487
1.41876
1.37721
1.4438
1.6032
1.89361
1.93872
1.94049
1.00554
1.85633
1.58189
1.4012
1.64163
1.56945
1.20485
1.08472
1.19224
1.22746
1.59003
1.28262
1.52623
1.45142
1.53951
1.18599
1.85538
1.73587
1.07717
1.8904
1.34553
1.97021
1.76562
1.54745
1.8256
1.90033
1.21668
1.51968
1.49208
1.7968
1.95722
1.50238
1.56047
1.42322
1.49818
1.53344
1.75813
1.98436
1.8257
1.95116
1.14661
1.1666
1.39685
1.42357
1.95988
1.76369
1.9518
1.34243
1.59048
1.88269
1.33194
1.17361
1.26261
1.26525
1.89966
1.78181
1.54909
1.54642
1.1617
1.3311
1.20811
1.41767
1.56918
1.16802
1.81882
1.47534
1.21148
1.62281
1.03284
1.45756
1.064
1.70216
1.53622
1.61454
1.08344
1.22581
1.41785
1.8345
1.52423
1.42641
1.33584
1.23161
1.047
1.23888
1.28652
1.78794
1.80046
1.37693
1.02512
1.47114
1.89856
1.72955
1.07666
1.679
1.59074
1.84963
1.47192
1.24373
1.85739
1.76495
1.65821
1.0278
1.4087
1.13931
1.46168
1.90332
1.17926
1.4131
1.33172
1.03079
1.16252
1.43782
1.79726
1.25714
1.61727
1.39432
1.5744
1.44526
1.74654
1.35502
1.95691
1.50706
1.17714
1.66506
1.38901
1.05202
1.31947
1.84836
1.48336
1.4067
1.91247
1.6284
1.34981
1.5548
1.42377
1.32192
1.60554
1.98046
1.38454
1.05164
1.35946
1.22298
1.34042
1.50736
1.07313
1.09184
1.5622
1.86905
1.46541
1.1859
1.92777
1.64512
1.63252
1.79738
1.51589
1.89756
1.30243
1.9361
1.21244
1.16091
1.28318
1.29123
1.47257
1.1104
1.89342
1.95736
1.12855
1.63655
1.63389
1.2889
1.89913
1.65474
1.25389
1.59169
1.29604
1.15792
1.34758
1.53823
1.64867
1.83406
1.67206
1.29891
1.3322
1.55536
1.84331
1.52319
1.76084
1.57043
1.64476
1.85636
1.43901
1.69754
1.83395
1.64849
1.06235
1.48594
1.59551
1.28963
1.60809
1.904
1.60435
1.01893
1.51677
1.28643
1.53694
1.72724
1.12064
1.03453
1.99652
1.1758
1.86716
1.27165
1.57451
1.33861
1.18966
1.46957
1.78939
1.77028
1.72231
1.8873
1.24417
1.3824
1.19423
1.32566
1.22637
1.03963
1.92839
1.77375
1.30787
1.64643
1.00252
1.76249
1.53039
1.12926
1.38677
1.10884
1.54251
1.28116
1.68422
1.92732
1.04192
1.33389
1.46865
1.72468
1.18176
1.21039
1.14931
1.18808
1.27457
1.99281
1.04146
1.26801
1.42136
1.93416
1.27217
1.34733
1.50964
1.06663
1.09009
1.18576
1.26187
1.51859
1.53517
1.76301
1.45041
1.70452
1.70758
1.96204
1.33003
1.35966
1.69572
1.37326
1.82858
1.08976
1.69433
1.15547
1.55058
1.50618
1.67787
1.56145
1.5422
1.51153
1.77868
1.26862
1.16094
1.01261
1.13188
1.64507
1.72105
1.62959
1.06862
1.7726
1.51623
1.24008
1.58658
1.41592
1.69736
1.49569
1.03598
1.64463
1.71139
1.64707
1.91467
1.33311
1.22804
1.51028
1.80685
1.68679
1.42475
1.16757
1.16908
1.43675
1.89735
1.42509
1.93485
1.46848
1.03672
1.26124
1.01192
1.19888
1.46078
1.47477
1.99071
1.13933
1.58679
1.11215
1.35277
1.65748
1.56985
1.33061
1.67118
1.68422
1.21557
1.39428
1.4048
1.88105
1.65048
1.69994
1.17415
1.98732
1.30924
1.50776
1.10938
1.24721
1.1675
1.78063
1.92671
1.67737
1.79327
1.16422
1.43999
1.10301
1.92427
1.68619
1.101
1.73797
1.30342
1.92036
1.06365
1.31135
1.85255
1.10331
1.27382
1.17472
1.89253
1.47986
1.85605
1.32644
1.66905
1.10063
1.43038
1.25783
1.27172
1.11917
1.38831
1.17258
1.68321
1.51738
1.45834
1.87401
1.1853
1.69921
1.18516
1.62854
1.03907
1.03439
1.41404
1.9932
1.14749
1.75323
1.57386
1.28078
1.76815
1.29538
1.16874
1.19411
1.18836
1.75856
1.52845
1.65356
1.89432
1.16823
1.42235
1.68009
1.34978
1.66161
1.35973
1.17871
1.53404
1.01538
1.38508
1.68537
1.26439
1.72617
1.49306
1.28778
1.43136
1.06562
1.4815
1.40961
1.46112
1.10211
1.02759
1.13147
1.31029
1.10803
1.76733
1.86341
1.58266
1.62793
1.96004
1.55142
1.86869
1.72729
1.55422
1.51145
1.02985
1.29752
1.23719
1.29249
1.66605
1.51605
1.40448
1.65304
1.17937
1.23648
1.48128
1.70577
1.10915
1.84603
1.75732
1.64227
1.44293
1.81425
1.38042
1.19846
1.19762
1.91274
1.59347
1.24102
1.23217
1.47975
1.55997
1.89662
1.25566
1.66013
1.72613
1.88201
1.8753
1.57146
1.32648
1.28928
1.68804
1.79779
1.41131
1.72416
1.09499
1.1217
1.41608
1.72405
1.91489
1.67231
1.17946
1.42008
1.27322
1.06744
1.82579
1.34353
1.51766
1.57669
1.92075
1.10031
1.97242
1.44602
1.51953
1.99147
1.17576
1.73528
1.68306
1.22416
1.96626
1.03658
1.6606
1.87355
1.40035
1.44324
1.06575
1.26329
1.7166
1.9823
1.34502
1.14813
1.0929
1.18037
1.11104
1.82984
1.38342
1.39794
1.84366
1.74204
1.52694
1.49999
1.6966
1.58736
1.18849
1.12577
1.40584
1.49408
1.0822
1.53566
1.96771
1.6982
1.14257
1.56958
1.80442
1.34366
1.42893
1.00226
1.86955
1.47018
1.25355
1.19761
1.42718
1.22345
1.89678
1.22674
1.40243
1.14078
1.11886
1.23773
1.00297
1.59863
1.22228
1.43148
1.80863
1.41578
1.7651
1.71211
1.86163
1.39657
1.74274
1.56314
1.52085
1.26909
1.50851
1.05465
1.11546
1.47752
1.29866
1.90333
1.95382
1.87874
1.04129
1.81934
1.46019
1.04692
1.11799
1.79447
1.48396
1.58997
1.02034
1.03708
1.42829
1.50485
1.15891
1.37158
1.00361
1.13335
1.02499
1.88028
1.06138
1.56057
1.5852
1.00441
1.61227
1.84794
1.57712
1.18563
1.55064
1.69778
1.68411
1.61212
1.38258
1.12141
1.07139
1.61151
1.36253
1.00206
1.14942
1.69797
1.75812
1.58282
1.60503
1.27376
1.48855
1.93799
1.38479
1.60998
1.36529
1.44985
1.78285
1.39203
1.43749
1.28712
1.82225
1.30309
1.73094
1.92758
1.76866
1.86966
1.14174
1.40257
1.02564
1.52262
1.99873
1.53849
1.86167
1.98982
1.33142
1.42814
1.54677
1.73027
1.50977
1.18476
1.50227
1.72121
1.7531
1.41893
1.6082
1.99322
1.33856
1.11084
1.14111
1.80774
1.6386
1.36661
1.05289
1.09774
1.57952
1.57023
1.55896
1.68173
1.8536
1.54166
1.46963
1.88854
1.78905
1.50883
1.07847
1.2925
1.85884
1.61818
1.05216
1.74985
1.46825
1.0137
1.6543
1.18596
1.08896
1.26333
1.23012
1.72967
1.84801
1.53394
1.33957
1.7541
1.76203
1.27911
1.03684
1.85511
1.0861
1.44236
1.43087
1.3798
1.3723
1.80875
1.05561
1.84258
1.87398
1.75727
1.63548
1.70691
1.67115
1.69746
1.56562
1.33033
1.97429
1.58899
1.28001
1.63098
1.73131
1.91426
1.81156
1.61729
1.88103
1.65857
1.1429
1.30105
1.14782
1.10507
1.60108
1.19087
1.92625
1.58572
1.25393
1.55725
1.70812
1.4684
1.90515
1.57078
1.56362
1.21032
1.08737
1.76711
1.52631
1.4265
1.7816
1.40145
1.58774
1.11376
1.98661
1.16436
1.16906
1.44042
1.2586
1.62958
1.01296
1.52917
1.81497
1.94969
1.7399
1.18724
1.66887
1.67886
1.49144
1.76321
1.77334
1.70512
1.25721
1.92648
1.04611
1.97104
1.5318
1.65271
1.8317
1.16255
1.89654
1.00948
1.92977
1.41141
1.99543
1.23078
1.66598
1.84918
1.02236
1.02403
1.03313
1.00596
1.21354
1.8043
1.22041
1.35528
1.04657
1.30616
1.07981
1.28467
1.57528
1.26278
1.62539
1.65332
1.57744
1.44724
1.26227
1.14709
1.46093
1.6152
1.11469
1.21501
1.1791
1.23031
1.11659
1.42091
1.32071
1.60899
1.90379
1.59824
1.18102
1.11139
1.65453
1.81982
1.32214
1.51044
1.78658
1.01689
1.6966
1.50893
1.72641
1.87237
1.49458
1.85588
1.0127
1.63008
1.98691
1.29365
1.72316
1.22444
1.97307
1.4441
1.67689
1.50725
1.08077
1.79699
1.24248
1.27915
1.03043
1.55511
1.53759
1.18407
1.72395
1.0465
1.78432
1.99372
1.16009
1.31473
1.2924
1.54579
1.10008
1.50104
1.89728
1.44662
1.67553
1.82987
1.667
1.31099
1.32679
1.6625
1.16775
1.04357
1.02499
1.36442
1.75886
1.72892
1.44628
1.285
1.05092
1.0143
1.01212
1.56971
1.90076
1.85506
1.17652
1.34122
1.23827
1.39461
1.3607
1.47419
1.98192
1.78705
1.9168
1.00572
1.51852
1.86527
1.71512
1.30289
1.68893
1.55726
1.70974
1.47513
1.95805
1.9936
1.98189
1.51134
1.82789
1.94183
1.87801
1.53476
1.99566
1.2893
1.96307
1.30835
1.57571
1.06894
1.87893
1.60203
1.39797
1.06414
1.72938
1.43208
1.78009
1.77872
1.85113
1.44462
1.08088
1.60375
1.69281
1.419
1.85546
1.89809
1.92607
1.86313
1.85385
1.73069
1.3972
1.19955
1.30893
1.11923
1.66071
1.06779
1.3684
1.16789
1.26589
1.82792
1.59742
1.21349
1.28978
1.09357
1.05145
1.47904
1.55054
1.59685
1.74874
1.19585
1.52189
1.53248
1.19759
1.52319
1.73338
1.10213
1.73977
1.49394
1.29283
1.22394
1.40375
1.40065
1.28054
1.66345
1.37858
1.13083
1.58749
1.17472
1.11787
1.92512
1.40492
1.61318
1.08405
1.31831
1.7068
1.35756
1.76044
1.571
1.25052
1.97122
1.33244
1.43446
1.15556
1.19427
1.78174
1.86874
1.6014
1.95366
1.78597
1.44475
1.34337
1.00276
1.93142
1.86347
1.83749
1.23126
1.87691
1.24725
1.95877
1.77517
1.55504
1.4079
1.25747
1.41175
1.51223
1.33768
1.0213
1.14584
1.15164
1.92037
1.42848
1.66723
1.53875
1.19918
1.17616
1.85132
1.27702
1.75503
1.59512
1.22966
1.6128
1.3786
1.41011
1.74325
1.34285
1.8549
1.87894
1.49416
1.59083
1.96753
1.35951
1.40466
1.27097
1.19166
1.21186
1.49608
1.25685
1.41617
1.92665
1.79594
1.89138
1.59594
1.42755
1.84146
1.30312
1.67848
1.17998
1.59059
1.39597
1.37497
1.46181
1.93463
1.07919
1.30996
1.1853
1.61566
1.35202
1.36394
1.46266
1.23309
1.94287
1.92303
1.06286
1.50669
1.17567
1.99554
1.73065
1.94604
1.85619
1.64337
1.95376
1.43221
1.3981
1.15217
1.79326
1.92618
1.74021
1.30187
1.53151
1.32195
1.18727
1.65862
1.72435
1.65241
1.03068
1.91593
1.36223
1.61451
1.81539
1.55546
1.8493
1.40678
1.35523
1.60885
1.34152
1.20218
1.29994
1.3642
1.43263
1.32671
1.17269
1.62458
1.59871
1.18005
1.35794
1.70583
1.82245
1.39168
1.50853
1.39674
1.93451
1.88719
1.95647
1.29662
1.21912
1.97525
1.65331
1.26211
1.01697
1.44869
1.96893
1.22341
1.41722
1.38803
1.55176
1.60874
1.75622
1.90544
1.45948
1.97219
1.62942
1.00894
1.62643
1.31735
1.62393
1.47029
1.89401
1.42712
1.29921
1.03619
1.02635
1.88148
1.56056
1.43975
1.75696
1.71092
1.87035
1.87666
1.40039
1.59869
1.92463
1.04182
1.07902
1.67198
1.69153
1.29162
1.52554
1.00085
1.2817
1.60135
1.37677
1.4897
1.93347
1.05595
1.50757
1.582
1.66129
1.74577
1.1476
1.923
1.41391
1.48897
1.66194
1.53054
1.42234
1.67268
1.67054
1.22265
1.4258
1.0193
1.45745
1.89081
1.6416
1.89313
1.00727
1.77409
1.78621
1.39302
1.36456
1.9186
1.53928
1.45535
1.3339
1.64564
1.78498
1.9068
1.06303
1.77066
1.763
1.58225
1.23425
1.68602
1.37236
1.29763
1.36666
1.38708
1.71276
1.85375
1.33354
1.13592
1.58724
1.4877
1.56929
1.17744
1.43494
1.7989
1.33181
1.45773
1.1751
1.8612
1.54712
1.32332
1.19727
1.5014
1.02684
1.53333
1.66619
1.09606
1.30106
1.75984
1.43545
1.61303
1.89984
1.22213
1.47223
1.25375
1.07095
1.99695
1.52427
1.89959
1.51328
1.79489
1.23558
1.46005
1.41934
1.0353
1.82388
1.04096
1.22111
1.64356
1.08458
1.40382
1.93462
1.57503
1.51982
1.12706
1.32202
1.6998
1.17763
1.50045
1.48932
1.19143
1.46087
1.00062
1.07711
1.47623
1.87025
1.02001
1.79045
1.28998
1.92632
1.92903
1.22667
1.07836
1.44638
1.21468
1.04641
1.6129
1.33366
1.50218
1.37123
1.86588
1.74988
1.75323
1.24611
1.102
1.12074
1.53909
1.81119
1.88906
1.32605
1.45472
1.04302
1.09591
1.56941
1.81079
1.51378
1.64707
1.74326
1.83029
1.4981
1.28316
1.13281
1.70419
1.76713
1.32496
1.4025
1.68876
1.89743
1.6289
1.89461
1.88301
1.73585
1.58604
1.24451
1.07302
1.31461
1.85846
1.64294
1.4401
1.74559
1.67032
1.79651
1.92701
1.43036
1.86827
1.00359
1.70915
1.38408
1.58188
1.49099
1.5924
1.60922
1.27962
1.27767
1.12753
1.57315
1.05927
1.95896
1.3116
1.17952
1.42443
1.69582
1.06283
1.19963
1.68016
1.85982
1.36216
1.17751
1.40994
1.18021
1.97143
1.38231
1.55112
1.2096
1.90799
1.51264
1.5893
1.88769
1.1663
1.15928
1.07188
1.93436
1.39059
1.29584
1.25653
1.86651
1.98058
1.66564
1.80084
1.63322
1.43029
1.73176
1.86863
1.58294
1.72949
1.72998
1.06405
1.66534
1.67984
1.54139
1.30233
1.29039
1.6017
1.84231
1.26555
1.76383
1.49955
1.35763
1.76037
1.50366
1.95123
1.53786
1.2219
1.14325
1.07623
1.44483
1.637
1.29645
1.27481
1.78311
1.98053
1.50572
1.95625
1.06458
1.56154
1.9046
1.50862
1.50017
1.57973
1.37852
1.51919
1.14019
1.72778
1.01641
1.21647
1.94772
1.45391
1.57207
1.74453
1.1454
1.99301
1.42221
1.00002
1.79507
1.07924
1.47101
1.23426
1.16569
1.2181
1.67013
1.59286
1.06494
1.73301
1.54201
1.08771
1.41055
1.6665
1.19107
1.67914
1.26604
1.76426
1.03018
1.61046
1.97144
1.17585
1.89076
1.60705
1.59408
1.64919
1.99242
1.08828
1.16357
1.6127
1.81033
1.04167
1.88812
1.15624
1.55936
1.76669
1.66357
1.76268
1.29318
1.86004
1.2575
1.71337
1.10677
1.93336
1.28133
1.12798
1.12562
1.79036
1.78271
1.67286
1.97792
1.97148
1.72555
1.84088
1.77637
1.07724
1.63138
1.41394
1.48916
1.22147
1.02946
1.899
1.92279
1.74119
1.74361
1.83386
1.31184
1.82008
1.67667
1.78759
1.8536
1.89027
1.0211
1.46182
1.94889
1.5769
1.71598
1.3348
1.09276
1.57668
1.42759
1.02509
1.09579
1.46296
1.49923
1.49668
1.29511
1.56425
1.4887
1.2484
1.63072
1.76367
1.06021
1.1825
1.71083
1.40208
1.58551
1.52627
1.16989
1.60718
1.11492
1.80701
1.50115
1.06755
1.98679
1.45045
1.69989
1.14509
1.14479
1.15629
1.15262
1.13825
1.98548
1.35213
1.1918
1.42455
1.50268
1.46062
1.45618
1.72103
1.67545
1.32737
1.18421
1.69939
1.32693
1.97742
1.72993
1.38599
1.99984
1.13411
1.32315
1.52832
1.12409
1.59972
1.72304
1.42221
1.63842
1.87414
1.95908
1.41674
1.72163
1.76979
1.70736
1.53461
1.1718
1.2691
1.5948
1.37045
1.92198
1.1664
1.2928
1.08589
1.56649
1.25635
1.91656
1.35383
1.26295
1.88243
1.35895
1.17377
1.93502
1.00625
1.78192
1.99001
1.16459
1.30516
1.56984
1.31606
1.54318
1.9037
1.27978
1.77722
1.56916
1.944
1.39242
1.96165
1.9631
1.79949
1.09688
1.23721
1.06028
1.1933
1.38054
1.60643
1.3855
1.41241
1.40002
1.06802
1.87514
1.65946
1.33589
1.59991
1.52647
1.37939
1.13847
1.77271
1.07484
1.19419
1.06468
1.28363
1.75594
1.94764
1.8951
1.53612
1.5008
1.98696
1.50435
1.75238
1.94939
1.00645
1.0718
1.52452
1.00426
1.65264
1.88543
1.92118
1.01305
1.88124
1.68072
1.74229
1.553
1.20411
1.68846
1.33669
1.58803
1.34837
1.54308
1.12268
1.06374
1.05413
1.98007
1.73248
1.91591
1.31407
1.5578
1.52982
1.08408
1.18995
1.61099
1.61334
1.3529
1.98978
1.57384
1.65886
1.8319
1.42363
1.25173
1.44526
1.44227
1.53104
1.46732
1.7178
1.63599
1.1377
1.22091
1.73023
1.43339
1.51804
1.14362
1.14114
1.24391
1.98383
1.71684
1.2734
1.64471
1.68816
1.89425
1.44156
1.26173
1.29401
1.18842
1.91287
1.64983
1.87341
1.89492
1.67108
1.83202
1.1534
1.53263
1.56679
1.07115
1.33867
1.94703
1.40592
1.16768
1.12442
1.13677
1.70482
1.149
1.86606
1.53139
1.53709
1.30195
1.81842
1.16113
1.79287
1.98681
1.48138
1.47244
1.9797
1.17437
1.58015
1.54165
1.41635
1.22501
1.22267
1.66805
1.48092
1.04266
1.40672
1.64532
1.72007
1.40555
1.54378
1.44046
1.03141
1.51424
1.55391
1.52374
1.86753
1.77818
1.39261
1.43987
1.41725
1.3828
1.7775
1.89249
1.93741
1.47973
1.33444
1.89083
1.82839
1.41996
1.21502
1.44511
1.85783
1.93486
1.61918
1.94103
1.52047
1.95081
1.74664
1.67619
1.4838
1.51106
1.09251
1.50172
1.05299
1.38647
1.96547
1.94636
1.92447
1.15456
1.51457
1.25773
1.55175
1.12727
1.59532
1.39383
1.45665
1.72803
1.82067
1.55012
1.93869
1.25381
1.99762
1.69292
1.09312
1.11084
1.17116
1.85755
1.78829
1.57446
1.1935
1.69412
1.84236
1.50766
1.69509
1.11293
1.73554
1.98636
1.24986
1.73537
1.93575
1.24885
1.58384
1.79642
1.13835
1.15144
1.30688
1.60801
1.60123
1.31019
1.805
1.25417
1.13358
1.3959
1.79398
1.58691
1.49361
1.61231
1.88408
1.49071
1.13304
1.5837
1.59797
1.28556
1.19427
1.38926
1.52638
1.59488
1.38415
1.20248
1.86887
1.43487
1.84699
1.8454
1.56087
1.77753
1.52799
1.84675
1.51874
1.06424
1.50977
1.87585
1.45442
1.79632
1.00645
1.9485
1.76638
1.11798
1.67816
1.14948
1.80792
1.07023
1.19299
1.54695
1.38106
1.35549
1.34868
1.07109
1.15743
1.4026
1.49647
1.03763
1.88326
1.4962
1.02382
1.54791
1.72093
1.29527
1.81817
1.77906
1.88563
1.56951
1.37014
1.33675
1.02545
1.01099
1.04508
1.28439
1.78297
1.08811
1.36605
1.51249
1.31161
1.26199
1.23322
1.89044
1.28239
1.54908
1.17621
1.51189
1.82668
1.30641
1.02281
1.52828
1.77987
1.84999
1.6169
1.32138
1.73124
1.99212
1.52536
1.05147
1.87949
1.48135
1.04435
1.80471
1.41334
1.58748
1.16338
1.45812
1.24058
1.29771
1.0384
1.98331
1.4416
1.90389
1.31895
1.62304
1.50635
1.97979
1.29501
1.91199
1.96377
1.78842
1.42811
1.83418
1.25453
1.71337
1.73319
1.57677
1.97519
1.31941
1.39504
1.16482
1.71195
1.67341
1.16487
1.0607
1.83955
1.7857
1.44075
1.76096
1.62449
1.90249
1.07233
1.28164
1.78169
1.81192
1.94635
1.92925
1.09009
1.58875
1.93895
1.3161
1.45869
1.41349
1.99654
1.48947
1.47518
1.97374
1.9849
1.04036
1.65183
1.89015
1.53456
1.51708
1.72407
1.82519
1.92269
1.09908
1.76869
1.3909
1.06058
1.70357
1.09635
1.80512
1.20573
1.11501
1.66648
1.87356
1.70172
1.42694
1.66682
1.27153
1.81765
1.01844
1.63415
1.65476
1.93058
1.51766
1.71386
1.8619
1.28733
1.65578
1.75468
1.19887
1.8436
1.57412
1.56066
1.35775
1.09536
1.69216
1.37127
1.52323
1.98142
1.27832
1.13236
1.13958
1.37369
1.91877
1.34725
1.0479
1.7025
1.73306
1.799
1.51549
1.57389
1.55039
1.44655
1.54895
1.61392
1.01165
1.98483
1.4298
1.6003
1.18632
1.74054
1.4023
1.39042
1.63145
1.02818
1.25585
1.88852
1.7381
1.672
1.42998
1.28312
1.81974
1.6921
1.61044
1.00971
1.20602
1.24051
1.0234
1.39423
1.77003
1.37275
1.51037
1.40857
1.19185
1.852
1.94909
1.79061
1.38363
1.8352
1.8524
1.21516
1.27191
1.33465
1.72439
1.25014
1.44084
1.03009
1.45073
1.15878
1.14293
1.26182
1.74454
1.42869
1.67145
1.91188
1.61816
1.5498
1.5295
1.61367
1.89174
1.7596
1.68909
1.24567
1.43354
1.41849
1.98645
1.01168
1.81614
1.53969
1.92513
1.64135
1.27116
1.09161
1.63539
1.81944
1.03214
1.2633
1.64099
1.90157
1.40329
1.12054
1.64847
1.16373
1.9016
1.88327
1.07356
1.75395
1.33902
1.00294
1.52539
1.79194
1.22743
1.51634
1.02978
1.20309
1.2602
1.10556
1.84331
1.57225
1.79394
1.21863
1.28207
1.717
1.26344
1.71392
1.73676
1.09347
1.74166
1.02958
1.77767
1.08994
1.04655
1.53399
1.48053
1.76801
1.23169
1.92887
1.81972
1.40747
1.95641
1.26477
1.25152
1.28974
1.61989
1.19495
1.88335
1.60629
1.94727
1.89445
1.49577
1.31783
1.8985
1.96414
1.86499
1.73343
1.38746
1.58295
1.93554
1.66724
1.29591
1.53202
1.9696
1.28013
1.76707
1.84223
1.52935
1.02119
1.94804
1.67845
1.79651
1.77408
1.70572
1.50472
1.05439
1.97604
1.62858
1.75062
1.2489
1.06622
1.17922
1.37246
1.02569
1.37811
1.07285
1.63463
1.31306
1.67928
1.59346
1.26673
1.3944
1.7055
1.60467
1.18529
1.59747
1.44049
1.87046
1.00918
1.87518
1.70378
1.44685
1.72974
1.14429
1.52225
1.76377
1.91255
1.71475
1.30597
1.71891
1.77579
1.43002
1.59353
1.00645
1.26835
1.85809
1.71648
1.85464
1.89827
1.53399
1.83599
1.09272
1.37737
1.7597
1.07315
1.76389
1.96201
1.35187
1.87133
1.48345
1.12247
1.08699
1.3993
1.62268
1.86178
1.4513
1.47481
1.89671
1.11967
1.96332
1.77887
1.25537
1.54958
1.11421
1.88904
1.95401
1.45095
1.66248
1.01476
1.64669
1.53193
1.38693
1.67195
1.41657
1.38397
1.58402
1.88078
1.10473
1.73952
1.12214
1.35245
1.8331
1.67371
1.33262
1.76972
1.00506
1.88331
1.44302
1.98843
1.60827
1.22219
1.89413
1.56431
1.09492
1.39696
1.94794
1.16578
1.17295
1.63709
1.54707
1.03896
1.15806
1.92104
1.04444
1.49564
1.8408
1.74327
1.20777
1.19643
1.8041
1.29024
1.27829
1.84558
1.24123
1.27399
1.6846
1.56483
1.18544
1.15047
1.47241
1.62742
1.51061
1.30158
1.00896
1.68576
1.83098
1.69274
1.80834
1.0102
1.12122
1.88084
1.59615
1.15783
1.35335
1.34974
1.85764
1.04162
1.63937
1.03193
1.06369
1.60065
1.86653
1.79776
1.82556
1.21916
1.16983
1.6958
1.57434
1.22587
1.00286
1.07615
1.95447
1.38905
1.56616
1.76127
1.2551
1.96399
1.74115
1.70912
1.77304
1.04558
1.10485
1.67214
1.11509
1.71014
1.10966
1.1768
1.47867
1.48864
1.27491
1.38318
1.55763
1.31642
1.34425
1.52404
1.80735
1.66368
1.16549
1.20959
1.10741
1.77697
1.79828
1.63601
1.39548
1.81412
1.63866
1.32115
1.3602
1.1205
1.22764
1.69428
1.16557
1.23302
1.20205
1.22135
1.78311
1.41119
1.3503
1.92275
1.27894
1.04154
1.71267
1.42432
1.43468
1.42383
1.45436
1.83484
1.5189
1.3124
1.09205
1.57048
1.06583
1.52674
1.0828
1.59888
1.41033
1.01277
1.51222
1.42652
1.21108
1.55025
1.12023
1.24686
1.92468
1.01357
1.07755
1.54508
1.85856
1.59064
1.21271
1.56173
1.75093
1.57218
1.48451
1.32379
1.63739
1.34764
1.07671
1.70988
1.21643
1.03796
1.61437
1.52308
1.9743
1.10093
1.42901
1.4991
1.1961
1.71087
1.32455
1.91291
1.08382
1.24362
1.21219
1.10816
1.17033
1.44469
1.79602
1.44788
1.81028
1.81944
1.23388
1.91727
1.41043
1.82451
1.80847
1.84847
1.04904
1.84279
1.45805
1.43565
1.74271
1.72012
1.61243
1.59024
1.30682
1.75327
1.69529
1.2529
1.68474
1.66937
1.15535
1.75312
1.71624
1.79031
1.77516
1.20054
1.56991
1.33767
1.73717
1.40172
1.42231
1.6677
1.89
1.12638
1.08806
1.99364
1.48131
1.47186
1.84478
1.98059
1.27193
1.33803
1.6881
1.85701
1.26815
1.01351
1.76996
1.50081
1.14155
1.17081
1.51009
1.10703
1.7851
1.43849
1.40103
1.09087
1.32503
1.54098
1.19208
1.27519
1.27288
1.62608
1.16537
1.29704
1.83527
1.1769
1.28037
1.86017
1.24238
1.47462
1.27828
1.34969
1.88921
1.53558
1.67967
1.96252
1.80951
1.16021
1.0846
1.68076
1.69345
1.8914
1.85698
1.4144
1.04384
1.96138
1.12105
1.84839
1.54049
1.14954
1.77845
1.65846
1.88861
1.71945
1.99019
1.51394
1.99641
1.20505
1.99151
1.69257
1.79557
1.42417
1.05348
1.27272
1.14831
1.59055
1.1302
1.0155
1.85773
1.90336
1.38523
1.72536
1.95424
1.75356
1.52301
1.0448
1.32324
1.16965
1.39851
1.68554
1.29847
1.4603
1.48559
1.67647
1.22757
1.5453
1.26753
1.64128
1.46131
1.1093
1.94112
1.85015
1.41261
1.82267
1.23434
1.9287
1.48959
1.23616
1.34094
1.44966
1.44757
1.88555
1.68693
1.63461
1.83919
1.77148
1.43132
1.08871
1.73664
1.04593
1.14682
1.28085
1.26452
1.13009
1.11818
1.64542
1.30009
1.44703
1.47957
1.90811
1.3545
1.46026
1.68233
1.68187
1.94473
1.52493
1.05208
1.05421
1.7348
1.73239
1.04934
1.12594
1.14724
1.07448
1.84309
1.98909
1.10276
1.10367
1.56551
1.82498
1.15746
1.35291
1.19154
1.23115
1.10874
1.41827
1.13579
1.44166
1.38928
1.3193
1.38406
1.67189
1.11897
1.58381
1.14278
1.34248
1.66512
1.55077
1.20007
1.35503
1.14827
1.70945
1.91003
1.1708
1.61442
1.48317
1.3741
1.53026
1.12098
1.5391
1.6589
1.92943
1.87426
1.1737
1.00983
1.62394
1.70543
1.85589
1.44291
1.05672
1.29792
1.78877
1.60184
1.65502
1.6615
1.50957
1.71462
1.12618
1.82633
1.37123
1.28709
1.72398
1.43881
1.07698
1.76971
1.991
1.30122
1.85145
1.10398
1.20428
1.00726
1.19097
1.66034
1.29165
1.0415
1.01249
1.30413
1.24034
1.3882
1.35984
1.12619
1.33741
1.77018
1.06637
1.22072
1.21854
1.07826
1.84692
1.84286
1.55874
1.51055
1.00066
1.25749
1.88666
1.67045
1.32863
1.08598
1.94456
1.53676
1.80444
1.94768
1.50054
1.98211
1.88158
1.67136
1.20639
1.18766
1.25064
1.67925
1.1224
1.15966
1.05813
1.94188
1.77553
1.30846
1.58576
1.14913
1.45266
1.26012
1.20961
1.91021
1.05084
1.21526
1.86218
1.92558
1.74947
1.66559
1.53073
1.42615
1.43807
1.73677
1.38842
1.16003
1.883
1.36661
1.42513
1.73566
1.05251
1.26623
1.30707
1.66012
1.6032
1.85842
1.29669
1.06187
1.63738
1.8838
1.08144
1.51535
1.44458
1.36662
1.64519
1.35494
1.74278
1.06572
1.41588
1.45606
1.86481
1.20002
1.57218
1.4671
1.51527
1.25095
1.52651
1.01106
1.63912
1.60847
1.3812
1.97909
1.58043
1.38587
1.66847
1.85792
1.1392
1.42203
1.8163
1.41941
1.55481
1.1794
1.14247
1.6424
1.01429
1.93944
1.22961
1.07244
1.08259
1.46399
1.6945
1.93435
1.45725
1.05762
1.88853
1.19876
1.70789
1.52445
1.32626
1.08762
1.59636
1.22103
1.59902
1.61994
1.59726
1.16116
1.47204
1.63777
1.00462
1.71969
1.34224
1.35804
1.03679
1.64848
1.74987
1.42555
1.1526
1.12519
1.19015
1.99406
1.44609
1.65751
1.70472
1.1337
1.34468
1.85534
1.40794
1.62576
1.64524
1.46244
1.75961
1.67232
1.06295
1.90432
1.25486
1.30906
1.87931
1.39269
1.64961
1.56437
1.82751
1.238
1.47298
1.52391
1.4575
1.24795
1.39172
1.2764
1.92369
1.8742
1.50553
1.18685
1.9559
1.75911
1.43607
1.57143
1.53682
1.02346
1.29163
1.43448
1.38202
1.79296
1.37022
1.91242
1.52744
1.46343
1.85345
1.02306
1.92348
1.51714
1.44041
1.13254
1.23452
1.30629
1.32824
1.05119
1.23245
1.73449
1.07928
1.20735
1.16963
1.85582
1.70355
1.22759
1.78933
1.49203
1.04569
1.54479
1.45284
1.64079
1.452
1.94872
1.6543
1.16827
1.70232
1.44153
1.79889
1.30285
1.78594
1.24866
1.01999
1.12458
1.18726
1.0715
1.86522
1.54117
1.36224
1.61155
1.78575
1.82053
1.56007
1.69142
1.26248
1.21157
1.29291
1.6874
1.26961
1.11678
1.4965
1.70904
1.1217
1.49138
1.8794
1.38606
1.84312
1.2384
1.22593
1.44029
1.67294
1.6546
1.93621
1.4547
1.53208
1.74792
1.11501
1.17342
1.91481
1.47536
1.02528
1.41995
1.11733
1.78037
1.5471
1.19081
1.38576
1.7966
1.6899
1.04752
1.03193
1.44931
1.54857
1.56957
1.13429
1.79152
1.67802
1.78894
1.25182
1.98289
1.56147
1.27186
1.47487
1.10259
1.01063
1.08963
1.24456
1.68412
1.38868
1.02805
1.44449
1.78368
1.74648
1.87135
1.47155
1.32126
1.92512
1.26673
1.06857
1.01973
1.78147
1.21951
1.73204
1.41286
1.61988
1.24857
1.32427
1.98587
1.36478
1.71921
1.50886
1.65481
1.23097
1.54905
1.75531
1.1878
1.8241
1.55389
1.14622
1.12451
1.00848
1.36549
1.57014
1.15163
1.74181
1.03646
1.82696
1.95502
1.41243
1.84489
1.98352
1.94178
1.01582
1.0506
1.2695
1.96645
1.1464
1.89411
1.5822
1.44068
1.83719
1.56653
1.50222
1.60909
1.90749
1.91224
1.05246
1.28691
1.23526
1.86301
1.48146
1.70326
1.72855
1.21808
1.70254
1.73785
1.04126
1.81948
1.22501
1.52326
1.3311
1.22139
1.12966
1.14401
1.6794
1.4964
1.70178
1.64696
1.06901
1.37956
1.90833
1.86744
1.00108
1.04645
1.69974
1.00932
1.04412
1.37802
1.42207
1.35876
1.8479
1.0638
1.58024
1.34785
1.79483
1.80437
1.08195
1.42785
1.28361
1.59238
1.97961
1.48631
1.09835
1.83963
1.50035
1.54626
1.54992
1.77095
1.14664
1.32966
1.57601
1.80197
1.75195
1.75735
1.96584
1.62972
1.64527
1.06308
1.01932
1.8508
1.63801
1.90802
1.0123
1.83638
1.01895
1.93068
1.89757
1.96244
1.07882
1.63458
1.22614
1.22077
1.57649
1.98671
1.04097
1.12112
1.71112
1.07508
1.01059
1.86091
1.83751
1.4871
1.35244
1.82528
1.51093
1.91337
1.8736
1.05796
1.87154
1.62353
1.61214
1.50635
1.11227
1.58785
1.64225
1.2955
1.62697
1.86529
1.09011
1.79688
1.7667
1.34242
1.88028
1.81113
1.01704
1.4933
1.3948
1.33111
1.5774
1.88447
1.74693
1.71642
1.57383
1.13025
1.66531
1.58993
1.46271
1.65921
1.75884
1.58355
1.59849
1.56165
1.34989
1.62876
1.8977
1.88117
1.43114
1.4941
1.99179
1.26681
1.8661
1.01918
1.41756
1.58311
1.68192
1.55656
1.53395
1.27247
1.20167
1.33308
1.66712
1.56871
1.19659
1.26434
1.58231
1.59196
1.73475
1.1245
1.94589
1.4621
1.36791
1.55292
1.7096
1.97342
1.83596
1.28028
1.78195
1.61271
1.66872
1.30118
1.71401
1.14305
1.22485
1.05927
1.58893
1.07613
1.80904
1.47519
1.83152
1.80473
1.36055
1.73986
1.0091
1.4926
1.11889
1.16795
1.88998
1.89691
1.73111
1.5263
1.56152
1.18378
1.30523
1.06731
1.33139
1.79521
1.544
1.9521
1.58657
1.9741
1.26675
1.27656
1.29973
1.42386
1.49138
1.19208
1.2117
1.11688
1.00263
1.01821
1.28318
1.75825
1.11989
1.55214
1.09886
1.06231
1.23168
1.22181
1.60092
1.58032
1.01756
1.01474
1.65096
1.77686
1.6651
1.40743
1.52555
1.63992
1.05819
1.63839
1.9427
1.79232
1.46842
1.90888
1.40214
1.95232
1.18596
1.34733
1.35717
1.41202
1.31452
1.54861
1.24924
1.1059
1.98473
1.70865
1.60171
1.49788
1.36558
1.37862
1.13906
1.57962
1.21953
1.81146
1.30744
1.1974
1.21992
1.67491
1.5734
1.50199
1.47413
1.4855
1.54945
1.83145
1.35665
1.93855
1.06644
1.93029
1.43271
1.69172
1.83942
1.00692
1.50825
1.19116
1.06781
1.79442
1.00459
1.58218
1.47456
1.97363
1.93808
1.24026
1.36613
1.38218
1.7867
1.31203
1.44313
1.63412
1.60817
1.97137
1.83031
1.41205
1.97342
1.12847
1.38337
1.73879
1.51102
1.12318
1.13692
1.16354
1.69717
1.33413
1.18397
1.91922
1.66826
1.06074
1.87727
1.96761
1.45078
1.98588
1.97869
1.32461
1.92285
1.97624
1.71112
1.63568
1.35784
1.74697
1.90633
1.56201
1.97673
1.19299
1.69848
1.09168
1.05148
1.20837
1.15592
1.27725
1.50466
1.78154
1.75202
1.40578
1.36208
1.70882
1.62565
1.35504
1.99997
1.59917
1.05861
1.27014
1.83261
1.05269
1.61154
1.25357
1.56529
1.94376
1.03046
1.37151
1.37965
1.7196
1.3518
1.03742
1.89414
1.72927
1.52023
1.28448
1.56657
1.53191
1.83579
1.83093
1.44859
1.62736
1.46426
1.19759
1.4836
1.81072
1.41113
1.81469
1.58203
1.57943
1.95424
1.87748
1.54915
1.7902
1.21827
1.79694
1.97618
1.22073
1.80398
1.24951
1.19502
1.11901
1.43627
1.54927
1.2915
1.32133
1.12878
1.97302
1.69097
1.08118
1.68281
1.64587
1.86322
1.70649
1.02391
1.59735
1.00341
1.31958
1.29304
1.09019
1.04523
1.1798
1.82892
1.2485
1.1997
1.95983
1.11517
1.2966
1.81372
1.63328
1.06964
1.931
1.27812
1.38992
1.57583
1.58001
1.26413
1.77153
1.33762
1.7485
1.14861
1.41878
1.02526
1.3701
1.0176
1.79356
1.26901
1.78121
1.79657
1.08154
1.51758
1.11372
1.97763
1.73609
1.12052
1.509
1.99145
1.81461
1.72894
1.87709
1.96063
1.64574
1.49663
1.29228
1.22269
1.22194
1.44858
1.43207
1.89945
1.64501
1.05336
1.05509
1.63208
1.04796
1.91567
1.0859
1.05686
1.72836
1.47162
1.18795
1.35069
1.59363
1.05756
1.79627
1.01672
1.44063
1.64762
1.87959
1.4225
1.42107
1.41507
1.9504
1.59245
1.29136
1.37854
1.35219
1.18875
1.51293
1.53363
1.12038
1.37854
1.59621
1.4274
1.8256
1.98333
1.24572
1.22057
1.29087
1.86458
1.93893
1.43488
1.84373
1.3365
1.88697
1.30172
1.34233
1.85676
1.4097
1.78338
1.9552
1.04794
1.68088
1.22832
1.10575
1.3417
1.42407
1.25007
1.33082
1.28773
1.3745
1.23703
1.50965
1.26851
1.61042
1.26057
1.74052
1.57035
1.86761
1.95679
1.67913
1.01653
1.56055
1.67403
1.54687
1.92081
1.06351
1.40564
1.58266
1.53859
1.51391
1.4088
1.4302
1.58858
1.49489
1.78173
1.28197
1.03095
1.87427
1.86355
1.1576
1.03984
1.4022
1.52605
1.19694
1.44117
1.17889
1.57575
1.45988
1.09025
1.25574
1.73259
1.82234
1.27825
1.48716
1.12767
1.80231
1.14703
1.64041
1.64797
1.24571
1.43702
1.08024
1.41194
1.18863
1.97954
1.55221
1.19454
1.78999
1.57489
1.67752
1.89159
1.69352
1.19966
1.95443
1.85836
1.5017
1.64037
1.73376
1.82534
1.19961
1.4939
1.6565
1.98826
1.18451
1.13437
1.06321
1.09416
1.85363
1.03161
1.80541
1.11458
1.2385
1.59231
1.81423
1.89346
1.88141
1.07031
1.07911
1.45792
1.65852
1.90069
1.05769
1.3604
1.90564
1.77476
1.82049
1.23555
1.68328
1.59103
1.64788
1.35993
1.43057
1.88293
1.3321
1.69122
1.46309
1.39133
1.53473
1.45708
1.05489
1.11262
1.68606
1.77405
1.61546
1.4263
1.7156
1.75232
1.87726
1.38882
1.19773
1.22019
1.65442
1.53073
1.74867
1.07189
1.38548
1.68482
1.74111
1.37582
1.02964
1.14207
1.00332
1.05774
1.70355
1.40735
1.62168
1.3769
1.65842
1.9181
1.50003
1.1797
1.82145
1.22487
1.01439
1.33575
1.72379
1.32542
1.99004
1.50557
1.07253
1.30769
1.30785
1.54832
1.08251
1.94984
1.41488
1.95716
1.94
1.27155
1.2926
1.63617
1.38476
1.33065
1.65109
1.23945
1.20318
1.29938
1.59682
1.1855
1.09158
1.53117
1.60985
1.25954
1.76709
1.06996
1.71307
1.40019
1.40502
1.47457
1.97921
1.79468
1.19435
1.1767
1.73941
1.32157
1.79154
1.52766
1.58338
1.23058
1.34488
1.26071
1.82819
1.36896
1.8662
1.9492
1.43755
1.831
1.95565
1.30373
1.6311
1.86639
1.38577
1.56387
1.17115
1.98504
1.49052
1.44235
1.52932
1.53991
1.7761
1.69473
1.88693
1.76521
1.04384
1.23315
1.68418
1.84452
1.48528
1.72277
1.52096
1.39463
1.29751
1.05354
1.1614
1.30576
1.43695
1.61117
1.14643
1.66444
1.13582
1.6943
1.91413
1.22288
1.32317
1.20747
1.06175
1.27723
1.50452
1.26141
1.82684
1.00272
1.59422
1.20608
1.60811
1.8525
1.39548
1.47477
1.97113
1.3887
1.60807
1.30965
1.79319
1.40928
1.84649
1.53618
1.08493
1.31998
1.24805
1.64645
1.83009
1.96538
1.8985
1.48007
1.36638
1.35903
1.96244
1.6696
1.38902
1.67708
1.27071
1.35573
1.69137
1.25657
1.24782
1.1682
1.40277
1.43697
1.95785
1.26486
1.0419
1.50159
1.09555
1.27796
1.57121
1.23687
1.39883
1.93052
1.06072
1.43745
1.63943
1.5827
1.66042
1.04576
1.24976
1.03333
1.65753
1.42073
1.58303
1.46989
1.96531
1.13606
1.54018
1.43456
1.43347
1.08692
1.54718
1.75435
1.6576
1.23205
1.21848
1.84711
1.89446
1.83872
1.05482
1.27156
1.3811
1.09363
1.44153
1.47249
1.41188
1.84388
1.48894
1.7474
1.72282
1.22582
1.58693
1.05341
1.49877
1.11796
1.00225
1.37872
1.96315
1.68349
1.34945
1.71414
1.55924
1.65975
1.11824
1.47004
1.78847
